1.686409
-0.1075836
0.5866009
-4.557811
2.332016
-4.820349
1.415854
-0.1367579
-0.9831662
-1.125669
-3.391409
-0.387736
-2.076704
-2.120492
8.370082
5.506902
51.6762
78.76019
123.2495
125.7531
166.9408
192.7061
225.9401
286.256
300.1705
340.9753
344.4615
442.9664
372.397
388.4116
354.907
302.2271
353.6548
234.1009
157.683
265.162
175.2079
153.9288
170.7882
90.27473
56.96017
4.795323
-9.936249
-6.591424
24.45265
24.89866
7.009419
2.438166
-4.675507
19.33882
18.49084
8.681568
16.04822
8.980759
-2.656758
2.875561
-11.41914
-21.38069
20.90044
5.521155
3.72555
0.7871431
5.599472
3.283765
38.17061
81.59853
102.7779
95.733
178.1203
216.7128
208.9067
225.4208
283.948
212.2756
254.3904
259.4152
260.406
215.9897
247.4615
283.9656
223.5555
253.0556
170.3385
227.0021
177.73
144.0228
111.8551
28.06942
44.63431
34.33975
36.63746
22.0622
19.79185
17.63364
15.79722
9.925504
-15.29581
-4.089615
1.288871
8.480571
1.198858
-0.9890283
8.901213
-3.173962
3.085834
1.510026
0.1832706
0.03289644
-2.975943
-2.537491
-5.879392
13.92656
34.87668
58.90348
95.67386
141.1156
174.3274
185.4574
223.7129
254.038
294.7083
335.569
309.9557
371.5255
339.0181
322.3948
306.198
344.188
334.9247
341.1604
304.7158
198.7678
159.265
160.3009
138.9826
154.9447
63.15144
5.213935
19.33656
1.872246
-0.9843968
11.27657
-7.103813
-0.9755293
26.12762
8.563051
4.283627
-6.590816
3.952708
1.265756
-3.789786
0.7141801
1.498913
1.736766
5.647342
-1.72569
-5.977286
0.6655369
2.249504
20.39507
47.4473
67.83784
98.76745
150.5203
200.574
229.2015
252.2205
276.185
364.5038
317.4858
367.6805
383.4368
395.6606
390.8791
363.0276
382.1044
294.38
336.7968
325.6966
293.7882
184.8316
64.90524
106.138
51.54309
2.873534
31.50191
1.195468
10.254
-8.367579
18.04128
18.60758
7.833317
0.3071584
-0.1039331
8.773957
7.415909
5.908578
7.015745
7.67809
0.2291491
-9.247603
2.563482
-2.246895
-0.412287
-15.98327
-4.562386
7.902877
17.7102
37.09932
48.92899
122.9061
205.2294
202.1482
233.7539
224.8953
261.7101
330.2959
344.1751
405.5796
362.5305
354.2019
419.5828
362.6147
312.978
385.5943
274.8918
237.2613
165.4145
152.7649
83.27452
122.0892
50.33345
49.85781
-40.45222
43.65258
81.25091
-15.54445
-1.512786
11.66497
-7.170508
31.46475
9.669633
-6.634957
29.72999
3.242438
4.928756
24.61724
14.70566
4.745497
29.16494
46.25372
-6.203252
4.603214
-11.58401
-17.80386
15.73885
42.69452
73.84238
139.7626
115.144
151.5577
193.9259
139.5873
126.7936
184.3594
181.4991
127.9261
65.68042
141.9404
154.9306
136.8576
323.4849
269.0921
230.6188
120.9732
184.4708
-43.32202
78.54314
122.0892
3.598112
1.050727
44.39124
16.60098
37.67986
-1.718964
22.85455
-10.14538
-6.261165
-6.100993
-14.57258
-13.47966
9.655184
-1.547496
-3.363739
-0.5057959
-9.074448
-0.3380872
2.290826
2.588825
-8.210625
-2.272965
-2.341781
4.554649
30.32018
72.34138
107.753
161.1434
170.1687
172.784
314.3872
331.9147
338.2674
402.0264
365.6052
419.0848
468.0263
381.0755
149.0519
142.7987
69.96721
122.5295
121.5288
265.9297
203.5271
120.377
73.81176
122.0892
68.88214
16.05783
22.55756
4.093506
1.712309
-0.7655855
-11.88446
-1.815276
-1.061872
-8.468706
-0.007946943
-5.132032
5.480817
-7.055213
1.712861
-6.817854
10.18979
13.43438
1.460673
-3.768538
-10.51918
-4.871415
8.072175
0.8143804
0.9611532
59.32283
100.5738
162.0526
161.2226
174.1308
222.4157
216.6138
390.4892
414.6044
380.6625
431.1557
306.5818
395.5762
422.5457
440.9912
194.0437
230.7812
334.6297
202.3815
48.1939
59.51934
15.72714
116.91105
80.99601
35.994335
-23.70297
23.08545
17.63588
16.99901
67.56805
68.1805
14.468289
-1.017098
-14.42875
-5.687366
-20.63372
1.153633
-34.52563
2.544934
-27.30073
1.019902
14.11885
17.82549
113.5754
5.808885
1.237957
-4.672277
20.41882
12.75615
61.59477
105.0273
116.8879
187.0416
304.9905
260.1122
402.2021
306.0475
344.6301
264.7798
277.858
386.1461
394.7851
531.6221
278.4518
346.4968
364.1984
353.1168
237.2457
158.5724
267.8691
111.7329
93.10988
55.93084
48.65258
41.49739
10.89221
1.458068
35.12801
39.177445
29.99845
3.353413
-0.2073524
8.019727
36.61779
1.461936
0.345596
-9.09846
0.131846
1.45744
10.92389
-0.3252225
4.771532
11.52048
-2.831709
1.556919
13.43404
56.79451
98.63477
122.2275
162.638
202.8981
286.0645
273.2282
355.0241
431.1814
398.0157
352.3242
219.7014
60.9484
316.1348
448.4492
111.2945
57.54512
217.6028
284.8387
49.8322
102.9557
94.59367
58.75952
34.70362
16.34543
8.901842
4.359979
3.29439
1.061773
2.68797
10.17439
10.88512
-6.651446
-2.052953
-0.07956649
-2.251596
-13.95787
59.73176
-13.4163
-9.837506
23.25905
-2.567522
7.013561
-7.521606
-0.6346132
-6.328964
3.128989
20.99307
54.65352
122.3654
131.3371
170.509
188.0185
238.0874
318.6198
327.6776
371.2109
377.3991
422.4667
469.918
510.3195
428.9726
365.2763
382.3526
202.2018
71.0072
216.5606
160.1826
59.527
91.72192
213.7533
-144.6415
243.2612
8.346507
9.68072
10.13606
-3.710455
1.92185
-4.027876
1.428854
-4.32227
10.30333
-22.06746
1.29251
-7.36808
-0.7899187
-19.37363
-20.7692
-14.23052
-3.470046
-6.289857
3.785633
-3.499404
16.71659
14.28399
21.8275
52.69313
95.25967
149.0625
168.2662
235.0831
314.3293
251.7736
336.1571
430.7119
449.2352
224.5361
239.3411
185.0571
182.2287
4.25511
203.40148
202.2018
71.0072
190.2321
119.2572
35.915785
-49.18891
87.64054
-50.93578
47.97356
30.26373
85.69966
-0.7331998
3.538773
-2.779118
3.992727
-2.953934
9.48907
-7.31658
2.014834
-7.681777
-1.245583
-0.03223764
1.603305
-3.459054
-4.527735
-7.027906
1.304339
1.961983
5.581414
-3.29948
-19.34754
31.23167
31.67836
77.60746
87.30709
73.95872
73.22188
191.9772
160.5968
138.9248
308.3573
355.02015
66.2582
62.90701
2.672076
5.838503
237.746005
24.45036
312.12705
243.14595
106.8973
18.27919
12.30457
52.966095
30.27522
6.194201
43.39756
28.50773
12.08797
12.71894
10.22182
5.899925
5.654809
6.972998
4.00946
3.881892
5.39809
1.622811
-0.2782962
0.1774236
0.2559437
-2.872262
-0.185399
-10.12264
7.234962
-51.44479
7.470512
-50.09754
-56.57904
14.20654
26.45949
45.79741
69.82366
75.87072
104.3955
161.4945
266.7956
246.9642
186.0027
260.8051
419.6319
380.8107
404.8286
277.736
471.2369
367.9383
422.0523
415.2847
318.5653
365.3065
238.708
155.1211
79.60387
47.6738
143.228
13.62431
36.22055
34.37891
34.54876
27.44558
11.67236
14.42104
9.912686
9.192473
17.84693
11.04861
9.77035
-3.097264
3.092448
-2.872262
-0.185399
67.61407
7.234962
3.17801
9.35961
4.730972
7.675506
9.567501
16.40837
18.18904
48.98273
40.71703
37.872
70.06611
28.12168
0.02253278
186.0027
157.29357
79.69076
380.8107
404.8286
128.569755
243.043
187.906514
229.76242
415.2847
208.04365
4.050065
151.246925
100.739695
61.78991
39.205925
-31.70977
-11.8798
25.667845
-11.62395
17.02216465
-0.4804946
3.96109
5.176256
8.0300535
5.982345
10.448485
5.46847085
7.3805045
-2.835204
0.815731
-1.84170945
-1.7994325
34.00035735
3.0797155
2.2573855
4.65961846
2.6085951
5.4794685
14.5731455
27.424535
36.89174
86.325415
94.045515
48.38002
1.510595
-13.23247
4.238172
264.2205
53.78204
230.88148
402.8519
338.8566
-20.59649
14.8491
7.874728
37.47254
268.8303
97.522
104.2405
63.78585
46.35829
43.97595
30.73805
27.72801
17.9635
15.11514
3.114158
-0.5044307
-4.039662
-3.75018
-3.560242
6.147421
2.772217
3.05004
-0.1116683
4.990659
-2.573144
-1.460986
-0.8111569
-3.413466
0.3866447
-1.075531
1.336761
-0.04037308
0.4862182
3.283431
19.57879
38.4407
78.69704
123.6681
147.374
223.8698
238.6462
294.8143
340.4921
342.4383
415.3909
382.0722
424.8931
272.8846
337.459
7.34814005
222.9543
37.47254
122.3759
126.0628
81.09289
62.88368
66.54973
47.19488
33.99312
31.29095
26.95697
22.45794
22.4137
11.17617
12.59636
-36.09266
4.571229
8.880116
10.44042
3.037647
16.13401
16.52217
9.683259
20.40888
13.50026
3.606648
11.3021
5.203099
0.9521118
3.610878
10.39469
3.998414
15.97795
-8.449233
32.05479
54.13513
51.19985
75.20884
155.1701
91.07543
86.28304
96.54107
92.6626
69.20583
72.00604
51.74242
59.13065
-0.1528199
6.984351
37.47254
-58.54776
-65.18613
81.09289
12.42066
19.36625
33.91696
23.78009
21.15532
40.23254
-17.69241
24.86839
9.329871
14.24853
13.01856
42.67459
-2.344285
7.209576
7.215882
6.349877
-3.737605
-3.237024
5.46838
4.937429
2.410754
5.362521
4.498116
7.066687
4.583177
10.86675
4.672487
6.872622
10.43841
18.36867
21.41652
47.2092
36.99003
31.80196
54.41992
57.61686
37.80989
41.64093
47.62306
58.71559
12.07678
90.10803
33.19377505
53.27035
51.57848
21.13557
-10.08642
83.158155
-41.1969
-61.87204
25.5254
23.21571
5.539143
22.914742
0.5176561
-3.658858
2.750464
-78.12233
-1.455193
0.9700722
5.414162
-5.494047
-3.396574
0.5598461
-0.6548972
1.260612
3.779544
-0.3541792
-46.19693
-0.6117721
4.5633295
-9.115561
0.9548678
-10.43218
-6.656112
1.252064
23.81453
40.18262
46.9443
85.1931
21.83894
18.3077
49.95517
33.19742
10.8518
58.7351
97.03354
99.93804
80.36183
65.10716
66.54037
75.05756
65.68442
100.8189
100.9468
85.22342
64.9067
34.85892
19.60357
9.294757
19.72916
5.596944
10.01971
4.668841
4.719779
4.997496
0.2782544
2.776257
-3.819112
0.524739
-1.02703
4.733366
-9.251259
-2.854264
-3.092815
-7.141452
5.022937
-10.41959
4.628543
-0.7552138
6.627049
1.099119
1.719757
8.378448
26.20078
61.99657
72.47208
123.177
104.0444
167.3713
96.52124
182.7428
197.5385
328.9361
339.6339
331.3141
59.39587
237.2975
242.6848
334.1601
195.2292
107.0363
138.1275
98.25092
106.2158
93.31655
29.85103
45.5055
33.06349
40.14759
29.3249
16.05474
-18.19632
-1.014346
-17.00338
10.79636
2.642035
21.54182
8.699712
-3.448158
4.62024
-8.497982
8.833612
3.075778
-1.354686
-3.073372
-1.755517
-6.556812
-0.9680673
-3.328655
8.607959
5.818924
20.58083
22.09352
24.02893
28.70382
48.84565
52.21058
149.9904
195.8344
306.5381
282.5184
137.0771
140.4511
225.4859
188.385
183.3741
146.8362
127.2639
135.4939
120.1285
105.485
85.04504
54.80616
9.90655
6.320362
12.63834
12.25043
3.187725
12.1699
-8.049864
9.332195
2.088599
-1.066792
-1.753229
2.341505
-7.887916
6.23351
-0.7746511
2.323812
6.109543
2.34094
-2.148287
1.372851
11.86715
5.153219
2.678488
-9.250618
16.10889
12.33796
16.54124
36.84014
103.018
155.668
180.2742
208.8365
207.7291
313.9703
168.1353
195.1724
321.881
358.9211
416.5904
252.8163
170.4906
181.173
254.8331
142.8198
65.70036
4.256374
61.52332
-2.165171
42.66063
17.507586
10.3341
72.40803
9.83275
7.812814
52.32758
5.04888815
3.4118975
-10.817201
1.716187
38.5076
3.443758
77.505
0.67624345
-2.1973275
4.834196
-1.41617
1.08081
1.8357
6.6038685
90.03368
-25.57503
140.8004
12.81036
4.796585
-27.05396
30.44975
8.026709
143.2068
74.7821
59.18066
67.26024
128.3048
100.4612
28.41943
33.63575
39.50555
301.73065
-6.601749
-55.20478
236.1341
244.82255
31.12464
-75.71802
41.888712
55.7327
24.5597545
14.74039
28.69481
10.22098
-1.112076
16.5347
3.455728
3.172563
0.7655813
4.735196
-20.56761
-8.699383
2.222298
-1.999215
0.5208905
2.127138
-6.718467
3.558849
-5.17328
4.309907
2.298549
1.340587
-9.418211
-3.190933
-4.046724
7.917717
14.85842
37.31652
33.20507
89.23563
131.1014
96.17133
133.1873
269.0386
255.1573
259.3289
307.6666
288.8592
198.3817
186.8709
211.3866
251.3693
291.0952
234.812
91.76542
129.8443
79.52105
70.99918
51.28468
55.99018
35.3241
-29.71926
-39.24653
99.2682
-45.32646
133.986
99.94211
8.991206
109.5347
-38.52295
38.60498
8.849379
-4.160174
-31.45884
0.7997191
-1.343571
8.721525
3.090148
13.3978
5.140563
-7.584083
0.04710507
1.826005
4.356187
6.28868
20.3098
9.327513
1.056769
94.17312
11.85179
78.3066
80.47411
30.65899
149.4042
10.30888
12.19126
96.90893
143.0899
132.7552
285.0581
217.3772
314.9406
234.5844
150.5405
66.13733
163.1489
79.61501
97.23997
41.95339
20.58836
-7.674176
-7.883997
-1.149625
-5.110104
7.489252
2.324256
-5.822037
-1.994789
-7.004118
-1.901701
-11.89294
2.400815
-51.98001
4.481272
90.16327
53.89191
15.42605
9.078129
-0.2474642
-16.77517
1.259016
14.6366
16.46478
34.50429
105.2424
99.42655
113.3061
205.0254
226.2923
198.8391
213.4002
130.8343
172.5366
190.8478
283.1923
335.1405
388.9807
78.84367
130.5992
69.68555
108.673
110.4477
50.82316
21.6627
34.0631
60.81026
38.2138
20.18241
-0.8581045
20.8734
82.38563
17.3245
27.90404
14.80249
7.39594
4.41425
3.336156
13.85416
-3.463574
10.40464
-23.255282
0.745481
46.76358
31.26003
0.3411237
11.4557695
3.228787
-2.019727
6.015044
8.47523
5.134867
10.41414
38.18742
49.38904
96.29111
108.4013
115.8764
72.25468
19.05256
97.39255
118.8329
109.4533
87.47335
146.7935
105.9916
159.209
112.9299
97.75177
51.06703
99.99848
137.96008
33.73064
-3.949973
42.39929
11.70488
9.145986
-3.221034
7.084723
19.38837
12.15039
-2.088956
6.254623
1.864203
-14.78661
9.732847
-4.340807
3.597663
0.04310568
5.469446
-2.99031
3.36389
8.62815
6.312084
13.83341
-7.987309
4.771059
6.281913
8.341764
22.52447
42.13893
50.70607
139.6658
155.8198
201.7864
139.0678
229.5265
306.3363
310.1678
382.4463
387.2345
311.5758
427.2462
268.3592
192.6899
335.7307
391.7628
327.2717
282.9108
225.097
150.5113
110.8198
114.3604
61.03195
72.04454
27.17511
7.171223
-5.060927
-4.943833
18.39065
-2.64249
4.223418
13.10748
4.579922
-0.13185
-22.88639
-0.3077781
-8.620296
-4.237487
1.324766
-0.4618526
1.429569
-3.014237
0.9192585
7.862615
7.68294
14.49916
30.46466
31.89474
38.91228
72.76385
133.7172
186.1087
232.3382
257.5725
248.1263
365.2407
323.6162
297.2862
118.8644
87.39311
148.0338
117.3574
80.09093
219.93397
179.044485
74.02074
81.43839
133.8363
83.20415
31.35716
-44.93144
70.09792
23.68608
12.70666
16.01078
3.816199
24.20276
-8.250856
10.78241
0.4166654
-2.369998
3.783402
-4.586234
-1.334056
-0.4581878
-0.1836402
0.7724984
-0.4917707
0.554369
-3.80955
-1.089045
-7.280952
13.83797
4.091989
3.287123
48.98359
86.25088
93.56863
108.1639
170.9724
212.816
114.2648
165.9276
285.7485
283.7906
324.9841
238.6318
335.6371
255.4577
119.0521
-150.4917
48.10514
30.81727
-112.731
85.46049
144.5
70.58208
62.03639
-61.74407
-96.11284
-39.3557
-16.53126
21.48496
-2.2449385
10.9412305
-2.9250635
-95.84329
20.12862
-1.3647376
-40.48519
-26.47511
-17.47272
-10.20261
-5.179663
-18.30316
-43.93388
-151.7788
-55.15848
2.921421
-1.648742
2.955719
-53.66615
26.14031
-18.12101
59.5409
93.91129
169.5682
223.7468
198.6306
246.5738
322.0499
161.5591
343.8527
455.9727
389.0502
431.494
402.1731
402.6142
405.6633
381.0158
254.5859
239.2755
276.4524
208.0003
176.0159
88.43224
20.69246
18.04572
16.73574
38.93348
3.944023
-8.306076
-2.320299
2.400729
2.685683
1.762064
-0.3594772
-3.089478
-6.965622
-4.397468
-13.57669
-1.554629
-4.209506
3.372773
-1.350104
-2.223742
-0.0615151
-3.840756
-0.5090877
-8.317927
26.22321
32.10911
71.93898
107.7527
107.5243
192.5316
226.8306
231.788
277.8708
332.2546
442.6758
273.9439
322.7574
514.1133
382.9735
266.0922
143.2603
73.93982
462.5838
309.6365
210.7362
139.0261
77.28463
51.08017
47.94159
34.73548
13.85275
27.74032
30.0326
-13.21363
16.35533
3.09401
1.971389
-3.000638
0.6705016
-1.336318
-13.84189
-7.004082
-31.65758
-3.277443
-3.637966
26.1366
9.613809
3.643864
-0.8975493
-5.922553
-3.108557
4.171397
-3.016339
25.62703
54.78851
77.188
156.0443
174.5188
216.0695
259.3575
302.3392
268.369
315.1945
469.0308
308.0564
405.5161
394.3961
342.2466
349.8638
294.8502
210.9403
306.1553
249.7355
282.8522
188.0217
153.5183
77.30485
57.85611
70.53992
21.00089
22.13839
19.23516
-2.160661
-1.00751
1.323311
1.818508
2.541213
2.303243
74.64982
-7.342974
-1.108397
-1.688255
3.366259
4.005705
5.802262
-1.812487
2.560073
2.653012
-0.9755886
-1.447698
11.02201
11.09906
37.78294
62.68853
162.7849
144.8195
207.8087
212.8246
110.2877
194.4849
205.1913
171.0882
228.8982
240.5659
149.6461
180.7219
93.94579
116.79291
47.69312
-7.270164
-56.53427
200.2209
79.12808
31.31911
0.8784536
18.92953
0.1224364
68.06921
6.182703
-18.16167
-2.636585
-0.8282225
-2.268148
-0.07727977
-1.764185
-1.643386
0.8360811
3.584874
0.846585
2.083763
1.723838
5.302626
9.124412
6.457254
7.241552
9.863217
10.48628
3.516222
24.22968
41.13156
21.30669
123.6433
173.6771
192.5681
211.6557
256.7166
364.1149
325.1719
391.0691
306.7605
489.1886
408.859
185.7855
146.8528
24.61707
-61.26438
221.89416
97.67034
79.16622
117.5896
26.46126
89.94211
56.6108268
23.72494
2.52596
4.574121
2.098165
-29.70193
1.917868
-2.617461
2.68988
-1.356366
-2.451004
-1.446706
3.063753
2.271553
-0.6990775
-20.83652
-19.02561
3.334389
-0.03981426
-6.401003
2.457538
-4.931028
-4.166146
-7.647866
27.17192
-4.372747
57.20755
112.4411
136.8889
172.5577
179.0457
312.092
277.3156
319.8119
299.7941
476.4091
385.2967
423.2367
406.7858
429.3622
336.488
354.0564
396.0952
356.8384
330.7751
266.0648
222.1596
171.9223
112.3432
55.13998
1.701476
44.44991
41.03775
1.52977
11.92041
4.318299
6.390732
5.905015
2.91471
0.3484406
2.247299
3.993232
-8.390885
-1.351417
-1.509165
1.638149
-4.531798
5.269738
-2.31891
-6.174632
-1.396279
-0.960535
10.36163
21.07809
32.20634
83.05942
165.6521
224.6744
179.4709
279.8126
261.6765
305.2835
347.3108
332.0997
410.0079
477.9485
371.9233
411.5883
437.099
307.0121
286.5286
255.0295
201.9934
244.754
154.6994
112.2152
43.55473
24.89254
16.18855
-17.61931
6.048818
12.6481
-17.07116
-3.671233
-0.7570137
4.07263
4.60643
1.307178
-13.77955
0.9191499
-2.454857
-2.434973
10.44909
-10.5323
-3.000996
3.354408
3.719643
0.9518444
0.2388344
3.405774
0.9853747
37.19983
36.89839
88.09522
109.2779
151.1766
160.9793
182.5918
318.0455
293.4147
303.6217
267.6044
400.3718
294.2778
257.816
287.8999
330.7868
346.4836
247.4272
237.3278
169.8971
195.149
198.635
83.33698
50.21539
22.23734
-30.50989
22.66724
-43.03743
26.77858
16.80256
-0.3341006
3.867377
6.256902
3.063735
-0.004177035
13.6167
15.21965
-134.0416
6.859478
51.05066
-3.48472
5.26144
4.986505
-1.169132
16.58402
7.926329
10.698
11.14163
11.88029
59.53186
56.90987
74.137
84.98038
137.1324
143.7417
236.4598
21.99507
111.6926
9.584753
71.38903
70.49345
77.0318
104.1918
96.14735
93.96841
136.0358
108.4611
112.8928
139.9623
108.3021
117.97984
24.17618
24.46636
14.80432
12.56969
30.33679
38.19608
10.9873
3.208492
2.53437
1.601124
3.490705
1.278263
-2.816791
2.299891
1.898288
-56.52968
7.302323
25.854
4.007973
29.3287
-1.301979
-7.579393
-2.170386
-4.387392
-53.35915
10.14667
13.98641
18.42045
97.75539
157.3329
277.9527
301.442
172.9429
218.8999
203.6388
328.5588
278.7043
437.0786
234.0277
-50.89402
-18.47401
280.4754
295.2469
265.3971
174.3428
207.1476
122.1534
152.6227
83.63609
36.79163
7.153573
2.297163
4.294062
2.198225
1.10583
-6.976234
-2.605185
-1.47502
-2.223531
-6.163816
4.188146
-5.407686
-7.155678
1.576511
-90.76852
0.6112029
12.45293
-17.70385
-3.689917
-31.19625
-6.236644
5.342328
11.61413
47.26189
67.2144
101.4381
146.165
126.3515
104.7726
197.8636
361.2167
213.3795
422.4704
326.304
412.7517
468.3046
476.0981
426.2106
362.8155
351.869
348.0377
190.861
161.9431
94.5327
76.756805
104.857965
119.0579
28.02929
7.569798
20.16946
-16.00532
-3.708415
-2.370677
-10.93434
0.2205342
-0.03393077
-7.018406
-0.08379287
-2.115865
-5.108338
12.68494
-6.412173
-11.24191
5.554929
19.10783
9.667653
-1.840416
7.312227
8.942554
1.85338
16.93525
28.72983
58.76687
153.3067
166.6463
184.9668
226.3226
241.2151
291.8453
259.0852
251.3603
262.7687
233.2172
244.2485
250.0715
224.1032
290.2155
362.7721
203.2004
152.2287
114.282
112.115
31.36021
57.09323
53.80787
45.77457
-26.59305
26.64534
-7.844848
-1.126902
9.640383
72.58527
5.615908
5.343117
8.875425
1.349958
5.64481
30.12435
1.426364
-9.538649
-1.45913
-4.3224
2.412767
5.400718
3.776997
2.312792
-9.381233
-9.826862
6.273243
9.44523
55.82838
83.5765
5.361194
-4.222411
77.16185
32.45554
49.6313
-8.332825
-21.73581
63.3554
39.2122
-21.06054
14.55856
43.029
20.27408
31.36657
8.980817
82.78281
91.99623
47.95974
47.51962
41.03877
7.410698
7.053963
0.7604503
-2.18081
1.391658
-9.16221
-1.084431
3.884164
-3.524308
1.681328
-5.300482
-15.59854
-25.74006
-0.761072
-6.375024
15.24019
-4.182927
4.387286
-0.7256068
-5.202342
-4.871025
-1.000989
-5.821815
-5.471669
9.30122
15.07603
52.88989
43.23321
107.7855
142.4547
226.5352
179.4874
314.3231
175.4538
154.742
104.4741
87.40727
111.812
144.153
162.1122
139.3884
161.6257
292.0538
116.4154
122.678
81.86792
30.76014
-58.27125
37.662729
-0.01140228
10.07319515
-16.04175
92.45569
-1.789464
-12.75856
31.17105
-17.51298
-36.51109
-13.29204
-91.10068
-13.98776
-4.629362
-72.916
7.2453076
-2.3300532
2.2575011
-3.550292
-59.31667
-0.593978
4.454469
-0.45007
6.2648055
22.34729
-64.95644
76.64691
78.114155
-15.74369
171.2407
227.1072
101.5825
342.7902
262.1635
343.7634
374.0912
351.2954
437.7557
427.0775
447.9608
413.5868
347.7699
311.2868
383.1575
570.2137
248.5127
191.9123
48.67674
67.91476
41.64783
19.38594
12.8726
5.109852
10.01898
1.774253
5.735644
6.969756
8.448565
0.1672362
0.9480887
1.791312
-3.005378
-1.878486
-0.7495748
-0.4771794
0.1277162
-2.03356
-4.432366
3.683069
9.909927
4.921675
18.00128
35.39336
82.0162
61.00557
112.9951
152.0717
184.6565
176.1138
320.9262
375.0573
335.0123
436.7868
388.7066
497.2464
450.8999
553.9208
591.7086
464.7814
350.1357
194.2527
268.0597
148.9909
34.11356
-42.35904
70.05552
2.328247
74.90744
41.42699
7.778164
1.138719
-1.910989
-8.253291
-0.07305533
-5.01687
5.121385
4.840034
7.581934
12.07691
3.845927
5.758486
-0.8844736
-5.197951
2.412884
3.480695
-0.7082762
0.5979797
1.021694
-0.6823257
3.715935
-1.595574
21.72273
105.9487
64.11468
138.726
213.8576
208.256
262.9106
414.1067
366.7908
505.8424
446.3883
496.6758
500.1678
454.1911
457.688
471.0651
337.5046
270.7026
316.1579
264.7393
164.6295
20.12428
52.81694
27.93157
29.18406
29.35551
6.264856
7.853646
6.852737
-1.415421
-3.952565
1.177607
-1.203408
-5.154171
-0.4278408
-6.099248
0.6675525
-6.258903
-1.763027
1.822384
-11.41857
7.659817
-3.315482
-8.251155
-4.041703
-0.8421193
-12.39314
25.03488
41.10605
79.731
115.4417
161.4455
198.0123
258.619
355.5028
334.5416
307.4048
397.84
450.6261
288.4716
313.2516
327.5932
221.6751
156.462
135.806
59.26189
235.2267
42.91882
66.91442
69.46513
51.44859
53.55154
42.83456
21.84493
-2.17893
9.670436
-11.13531
-2.238042
-9.021222
-1.181486
-7.156275
-3.663394
-2.586786
-0.6897894
-6.025096
0.910899
-7.620229
-5.013787
2.666098
3.188801
15.73309
-4.298719
0.1635095
-0.929195
-6.811733
7.999103
29.27603
43.09645
79.43368
97.78683
245.8987
185.3705
218.785
271.69
360.1593
355.375
468.4385
401.2098
375.3298
407.3562
427.297
284.7469
365.9602
224.0047
288.6617
212.311
262.6718
276.3977
211.7156
95.09009
91.80272
-1.852771
38.1731
6.38947
40.17311
17.92808
-14.10392
6.11094
1.26592
-0.28793
7.809043
-0.142831
-6.36071
1.029476
-2.206311
-1.543875
15.72421
-4.858545
-10.61176
-7.2646
-0.4611548
-1.539457
-1.188426
-9.284417
1.29528
60.47217
101.2482
161.881
212.6248
232.7913
238.3413
301.2838
337.6704
337.454
390.5827
391.6914
374.4475
127.5536
213.8722
163.266
36.75776
94.9945
56.60597
138.7366
122.7302
97.53674
145.5303
26.20768
16.02575
7.782422
0.9343812
1.381268
-4.549213
0.9657829
4.123797
-1.747786
-0.413643
1.141159
-1.784797
-9.378251
-8.002182
-4.887848
-6.987201
-34.65334
-0.226703
5.284508
-2.064081
-8.925799
-21.5664
-9.321982
1.731492
-2.796499
28.20389
27.05112
114.3501
192.5635
203.0155
213.6768
227.7101
289.6736
349.953
384.6869
311.876
341.1005
369.1075
342.8939
353.8238
387.9734
327.5283
106.7631
185.459585
235.18335
34.90622
119.22842
65.490305
25.227865
29.42633
45.1846
6.9318706
-1.493495
54.63754
-0.02329241
3.250864
-0.05442715
-0.8688455
-2.419292
-9.933861
-35.991
43.60749
3.073992
3.691239
-28.71
-7.488027
-9.848635
23.07329
-6.303633
-4.52699
1.378177
0.3372203
9.973137
40.93958
80.90703
61.25801
93.28352
160.981
203.0431
251.6901
251.0843
389.6913
319.4542
343.5342
439.1096
460.1114
464.7685
379.7133
235.7954
127.9321
136.029
314.3132
331.6301
254.1361
140.9201
-14.54969
24.24805
42.82691
-8.650671
12.92936
-4.368258
7.585576
-1.942456
2.377931
10.03421
-1.324048
-5.979743
-1.008716
-22.83771
10.14833
-3.760862
-2.279747
-0.7858049
4.062262
9.440494
-31.36579
-41.86835
-7.747529
-27.00007
1.871719
26.15693
34.25829
40.68161
129.9973
160.596
190.9944
239.6856
288.8273
353.4619
414.7132
389.4036
420.106
534.9316
198.8245
359.2346
106.5771
279.3768
346.6398
188.6444
150.9199
166.3563
114.5365
68.28788
30.16002
-9.246858
36.52259
32.44209
23.00426
18.01292
1.514962
8.656216
-0.3432789
5.912428
0.1516707
-3.08690825
11.80463
-38.40353
5.6914795
-2.6708375
-45.75093
5.923336
7.929769
4.3303274
-2.093249
-5.436879
-0.0998302
-67.19572
1.07241125
17.0701095
-2.888536
8.971707
6.962188
-3.522392
-2.51992
-1.710811
10.85569
313.2421
380.08665
75.32227
421.647
448.63505
281.54795
53.722
13.82691
126.0831
393.54165
26.68354
90.95232
24.08167
53.52612
-49.4139
40.85721
13.86133
4.065021
-6.562932
-0.2709024
4.417727
-0.6758357
-2.320276
1.113201
2.278356
1.05742
-0.1940735
0.5286206
-0.4207161
1.234629
-1.580813
2.485323
11.71759
0.1090165
-0.7798392
0.2022307
1.599699
-1.873526
-2.8258
0.2731035
7.983289
10.50568
-23.70038
51.6515
60.50445
1.313959
22.23456
86.502945
273.0223
345.4601
360.8265
423.188
362.3385
364.2714
408.8799
334.0667
382.6073
440.4435
324.6538
278.2251
193.133
190.5439
138.7504
129.4481
38.1243
-10.20184
18.57436
20.39229
10.46459
-15.44293
27.62956
0.3903466
34.25456
4.087231
-29.30946
49.33136
8.430751
30.6734
31.23709
-23.20859
20.008085
12.24193
-10.88194
4.665362
3.5499035
-3.6993635
-41.45374
147.3996
7.8279925
1.522844
44.49245
92.64676
120.3991
149.7648
132.3507
162.1502
288.0797
305.8062
385.4159
308.1816
377.6573
384.7868
463.9199
387.0096
72.30216
218.8755
169.1646
108.869
136.1692
194.1512
91.43361
110.8749
47.81277
24.29732
13.6675
0.05221526
-2.29377
1.26276
2.32751
4.980227
-6.351689
1.781454
-6.178436
33.98833
3.167609
-0.9162282
-30.93068
13.30522
28.29858
-47.1288
-1.969322
-3.715871
5.500108
-5.525201
-4.101139
-8.473849
7.672696
34.48815
63.35837
62.87804
153.0076
170.0921
204.6607
236.2097
270.5245
344.2614
324.6944
381.7629
446.8299
416.9577
482.602
439.9525
357.8484
262.2073
291.6956
239.7376
210.9561
217.4014
122.9198
82.80263
5.69766
43.01169
15.52635
3.278404
4.909895
-24.56011
5.812566
5.910914
2.288323
-3.370677
-1.151812
0.6048923
-7.078708
-4.537326
-3.870249
2.058303
0.3932485
2.161199
1.468503
-4.728791
2.00243
-2.871106
-14.3016
0.2640747
9.238409
26.47725
66.80666
92.35739
144.0382
189.3273
195.1153
228.3385
255.4456
367.2255
315.3475
406.2413
399.9641
511.8829
501.2841
485.2673
354.2643
518.4057
254.8872
344.9041
281.1962
213.795
180.6614
140.9712
34.26204
25.19215
6.649137
-12.12645
23.66692
0.7121627
0.9940715
-5.886744
4.07439
-2.717815
2.650085
-9.377481
-1.013058
1.983732
6.557324
3.177378
-3.248356
1.386724
-8.156301
2.229644
-4.82505
-3.878934
-4.182954
1.179942
10.42046
18.81178
58.92062
84.91353
117.7695
205.4822
238.6359
281.4826
328.6208
352.9793
480.0237
411.832
421.002
508.6975
573.3011
341.743
451.985
287.0541
424.9331
319.9849
307.9953
41.13319
-63.4502
-224.5842
-148.2608
71.87184
-4.671346
5.3977
-1.726138
-9.435442
4.1058
-0.3406309
7.547935
-6.057109
-1.645217
-10.77482
-14.97928
-7.708245
14.97192
-3.511148
-21.38202
-3.023249
-5.469675
-8.921698
-3.319087
6.932331
-4.572633
-1.860106
13.62463
40.67785
66.69328
90.24614
190.5887
162.5603
172.9415
284.8801
300.015
296.4225
295.8017
514.5787
382.3343
410.7614
362.8394
295.8447
482.8084
352.1926
295.0485
305.3841
273.7246
240.44
126.2333
103.7088
66.80541
-1.30067
-99.4881
-12.1863
5.994375
5.353433
-4.810547
-1.780724
-0.5820846
-0.2275127
0.3907984
-3.460924
-4.112876
-7.160946
0.4204552
-20.25699
0.2110321
-4.329307
-4.515288
7.093637
6.326116
-2.879957
-4.139961
5.585629
11.63417
13.46058
26.70631
91.20448
119.5104
156.2491
237.9434
259.6536
274.8455
372.6749
345.502
334.9963
351.1218
436.3445
319.5194
455.8071
318.7956
316.3236
329.3361
29.09358
82.65997
92.10083
95.92619
43.40837
56.84903
4.577148
10.71254
0.6577863
6.505065
1.810868
6.409383
2.084917
-0.4089473
-50.16803
-0.94965
-7.525967
5.710907
-6.481598
32.7174
-12.008601
18.02168
28.9761665
23.04704
7.089061
43.19296
-1.625599
4.109109
1.336405
20.38659
18.41871
29.67461
50.22485
89.03317
208.9652
170.9806
219.2333
224.6438
281.2627
170.3179
124.9754
336.3354
166.9115
129.23
-1.233772
-48.77805
-27.71982
87.06813
74.49915
163.776885
74.88921
162.3078
-14.52074
-9.72926
23.57164
-8.621776
-40.00653
2.558425
16.25494
-4.036079
6.44405
66.39718
-2.38868
-1.828372
8.922239
15.53469
-5.80225
0.2693725
-3.760212
0.2182498
62.28164
1.470429
-2.021778
1.071071
-0.5986871
2.56407
2.841588
4.300266
32.51138
31.09994
35.36948
103.8243
83.24528
114.9674
182.2178
299.4262
346.1709
299.3899
391.196
321.549
443.729
323.1914
308.1041
334.5614
455.8936
298.4255
258.0263
244.8938
80.95752
86.97591
43.85027
44.13651
31.15271
16.43002
17.38969
12.45251
-24.79123
4.298425
8.921373
5.175385
8.756185
7.393731
6.789832
39.65642
19.84065
-26.21349
4.617573
-15.12565
-14.46618
74.39388
-119.0789
14.74079
18.748
15.08595
17.9883
26.40136
34.64039
25.43823
27.35393
36.34145
34.67352
117.8339
125.7186
252.2863
189.2181
292.1227
257.7871
468.9193
266.4026
328.3134
306.4241
177.1138
121.3992
-77.85097
-25.23751
86.0729
99.77388
57.7323
14.18868
21.24296
-10.63873
6.625089
5.522942
12.73678
4.00177
2.899434
2.156218
-6.63992
10.21288
-19.73643
4.603786
-4.820665
6.029532
-16.59478
2.415823
5.729445
5.409717
-10.73094
-26.58871
31.8114
8.791765
23.70289
-5.850733
0.549794
27.00916
50.94185
149.0189
146.5434
180.25
244.3006
264.2253
280.3618
380.1039
379.5884
424.2291
428.8451
447.1226
404.0736
379.371
135.6368
99.83448
133.6047
123.3688
204.9525
100.1701
87.06276
19.66104
-40.44205
20.50578
-3.652026
7.684405
15.78467
5.017267
4.379806
-13.64401
-26.75024
20.6895
40.17648
40.49911
-6.494703
38.02398
-14.70544
58.99686
-3.4278075
19.13541
-28.48746
-18.91411
13.264881
-20.06367
13.543539
-0.360318
-9.892151
32.810375
58.095625
124.29316
121.96752
151.42495
189.3378
22.16514
62.15944
253.93
136.1571
133.6058
288.4054
469.0381
389.0322
376.3867
410.9135
313.8885
237.837
250.9522
179.6206
190.68
101.1954
97.78938
73.97231
18.80652
16.86419
-4.907759
-4.318319
4.644205
5.860178
-3.013351
-3.931857
-16.3407
-9.13071
-1.436445
-8.168741
-6.182416
-6.842348
-6.209845
-12.58506
-1.720233
0.1897191
9.105899
-5.281638
-0.6935902
3.384188
5.130097
10.55328
38.61159
65.2494
99.56742
97.39164
122.5999
134.375
156.019
239.184
151.0436
214.8747
177.9277
164.8231
128.7156
164.3621
168.747
277.1528
135.0089
175.1228
-30.24398
-81.79556
57.89678
49.06079
92.12268
87.77238
2.45298
18.9342
69.7556
82.7575
-92.32635
6.149959
-16.88989
12.57097
45.34339
75.05704
-33.35119
-76.55462
4.585899
-70.41525
-6.279194
-9.363052
-17.79041
-3.517108
60.54855
-3.8922265
-0.9317091
65.47548
-35.99213
27.34002
19.76407
25.83881
41.56135
80.34084
160.1631
216.5358
244.4937
282.8343
271.6376
235.6091
404.4233
419.9191
140.0645
162.5248
167.4288
101.6896
315.8798
258.3265
179.9023
136.8569
92.15366
117.1354
52.78689
-42.16552
-19.82021
-3.799891
3.880134
1.682213
1.151484
0.8561158
-2.691563
-0.3937286
-7.924157
-36.58105
-5.075726
-20.36909
0.9760132
12.86541
0.8104137
-6.250205
9.783027
-20.55157
-3.967561
-2.502815
-1.169828
-5.923379
1.259122
4.042514
28.55137
92.01543
104.5966
139.2761
146.4626
198.4705
214.9887
176.4531
265.4793
210.7417
352.6725
429.4927
232.9108
192.5016
118.188
28.923705
84.88484
70.92197
62.48142
2.757986
92.15366
117.1354
24.10726
-44.13628
17.11209
-7.284429
-6.298911
3.155966
-0.1810258
0.6403569
-1.637701
13.56388
-5.038283
-1.024688
0.07520166
3.105621
4.258241
-1.939903
11.68541
-0.001579982
6.600035
-11.8124
-0.02469278
-5.795056
0.4325267
1.617409
2.611628
6.52714
19.0547
17.54323
21.62508
41.26143
73.59926
129.2596
207.9924
293.0669
322.1055
320.5105
284.041
278.3942
236.8321
168.1004
115.2827
-43.84219
-18.17986
-65.84269
-15.28029
75.848093
107.80668
88.72666
-3.96232
-0.0790800000000011
-6.630925
0.3282008
-2.76045025
29.176093
-22.54629
-0.6520832
52.14967
4.388011
1.582221
51.19915
-40.48099
-3.790072
58.33929
33.68846
20.58894
-26.59293
8.72044
1.22005
-46.92529
48.96516
30.88924
-1.037376
-21.07227
27.4472
-0.6318184
-45.53371
20.22429
72.10545
5.853891
151.5591
30.45594
56.03472
102.7034
122.2565
173.146
329.5929
358.3406
296.1895
271.0266
284.7858
128.5468
115.476
116.8234
148.9382
123.4597
60.31792
38.23026
43.97812
13.77951
28.06351
0.7780105
55.19622
20.9092
29.36581
23.157641
38.01874
-1.9100585
-19.59667
-24.7782
91.08742
27.7661285
-81.29312
-40.49728
-11.47893
5.234346
2.405946
-0.47724
-14.97556
5.367344
2.180014
13.295
-1.541502
13.18594
34.60542
87.23812
128.1553
147.4513
215.3457
267.4403
297.7495
318.8413
294.1971
290.3971
375.7007
362.7337
363.8901
283.74
304.1329
281.5505
333.6311
258.227
251.2355
99.27409
170.0481
-60.37638
48.82718
28.20851
14.4716
28.02022
58.74734
-123.5469
-62.27879
-5.834388
1.037496
-5.402338
18.15165
-16.72594
4.360971
-2.807033
-1.895901
-3.571979
-4.505235
-3.324274
-8.598969
-2.627651
13.30986
0.6664216
2.602529
-6.448114
-18.24375
33.34768
68.28238
81.41219
110.2083
154.2473
225.2974
213.7511
294.4258
302.9389
311.0473
340.879
346.5434
354.8207
414.5752
219.1224
8.713157
-137.3097
76.13234
90.87529
83.60326
71.30653
82.47697
70.64021
38.68905
13.16919
6.11925
7.003106
13.21224
-7.426595
-14.19503
1.090754
-4.568356
12.90968
-5.246731
-10.92013
-4.256075
-24.57577
2.885878
-0.487043
0.1642378
2.712063
-7.887684
-0.8021497
-0.8892848
-0.9970592
4.43248
3.444749
-0.1788059
1.819975
42.13945
104.4121
113.1412
153.7384
228.5093
201.5575
319.0989
291.2636
257.2253
301.5086
387.8817
388.2538
308.2871
473.0881
388.0063
326.2266
165.4777
222.367
96.91713
43.84013
-9.923914
-4.216249
-6.897153
25.76494
14.830165
85.03158
63.31504
50.92762
-5.912719
-8.453329
10.98174
24.70824
-1.479263
-1.778724
-13.99791
6.50162
-5.91161
-8.02457
-9.07905
-7.347719
-4.168279
-3.730572
-3.641375
-4.181564
-1.350342
0.9946349
4.504003
23.53349
67.1808
102.667
113.0565
128.827
236.8347
289.2658
246.2457
222.0687
186.2563
200.0327
343.6443
382.3305
121.1248
101.5871
217.7667
80.41022
97.37713
144.0152
52.19833
64.10584
101.5506
38.60986
27.87681
13.92639
23.54108
20.37955
-3.705413
3.083816
1.838844
-1.648207
1.333432
-1.973102
0.8655837
-19.43856
0.8651685
14.69075
3.03948
-3.703941
-0.4581556
-6.78119
4.260814
2.171508
-1.045756
-6.502677
-3.901426
14.45276
3.075874
35.50439
65.85971
91.64271
123.0849
163.2615
179.6982
242.4457
303.9487
362.0734
304.243
457.8876
198.5374
281.7795
269.9656
240.2484
169.1857
194.0111
116.9583
211.6004
130.3708
84.37155
48.2231
58.27775
29.02037
16.11972
-2.050159
6.169499
11.01208
2.071797
-5.291557
7.170038
2.084153
-5.453631
-7.101722
2.712969
-7.032587
0.6602442
11.4618
4.012166
-2.284516
-3.366641
-18.61554
1.368831
6.491135
-4.514581
-14.02722
1.770631
0.748416
25.33146
61.77705
90.01264
92.20242
98.19235
179.0668
264.6216
195.8862
247.0831
123.3232
71.52525
154.05895
9.421501
-72.74805
99.78561
134.5607
115.8375
99.33579
81.63895
41.71442
-43.29865
39.632765
37.705015
1.670627
47.94701
38.95714
45.7347
14.6751
41.30526
105.075
0.1699636
16.63857
7.314804
-43.07922
-4.066367
77.85728
6.476028
12.21034
0.6083947
4.922369
-13.90698
38.52613
14.72353
16.45024
-26.33751
17.96753
-23.47273
2.70973
-27.36813
51.240595
-1.287245
98.15356
9.232727
-13.99749
-2.948451
245.5158
45.69858
212.1381
144.5305
109.5805
157.5526
94.81435
188.3794
150.241
87.26864
48.36213
51.30609
72.21854
77.98524
31.04243
17.13228
22.96919
7.559854
4.718868
27.069001
-24.35565
-6.908166
-3.616125
-55.66914
8.311752125
46.4436
40.4978
42.15149
43.75574
12.04186
4.039378
-13.31572
-2.808723
-3.375411
-94.18373
26.5391
-4.70635
0.3935015
13.25245
9.689934
14.99809
30.01494
40.70414
55.20861
104.1047
149.685
269.5627
269.4786
295.1454
286.1629
197.5752
260.2436
339.3571
393.2347
330.8864
214.5759
209.9147
152.68312
74.40562
211.7811
188.2192
152.2084
99.87537
55.66986
49.61303
27.95848
18.869
8.403302
-3.950941
0.7935397
0.6948443
-1.712218
-0.01506575
3.683353
-0.8143799
-5.92169
-4.132627
1.24294
0.3656691
-2.659075
-5.711708
-3.099211
-6.369138
12.4412
3.271882
5.509802
10.07576
7.102597
13.40965
17.57796
48.99157
84.9585
134.8225
149.2644
213.769
271.4896
248.2096
315.244
440.646
368.9266
373.7702
397.0097
398.1296
384.9804
269.5884
218.0976
237.575
15.29102
65.26614
130.7185
109.1427
25.37827
63.94851
18.5558825
-6.9428
-6.199464
-58.86264
114.6093
86.36001
-2.095012
-2.123577
10.29889
6.08714005
-46.83905
53.69472
5.928065
-6.95552545
22.31818
-19.57547
9.554813
-32.71716
-44.2367
3.772244
11.87159
-18.4704
58.2510985
-16.766985
37.18578
38.42466
-29.45152
4.535802
95.79569
3.830982
79.26096
96.92751
78.01546
83.95158
83.02005
63.97414
52.0148
40.97282
90.56509
104.6464
124.0527
132.9542
90.13689
202.6066
172.9967
97.82269
70.88314
29.6835
9.153285
-32.7546
15.67736
-6.111974
3.915108
5.716878
8.861434
-3.442917
7.764711
12.98866
17.52114
11.74029
10.61319
-14.27672
52.27552
-14.29936
-17.93147
-10.55419
-100.9146
25.4209
11.88728
-6.141165
109.3996
-46.94362
25.12765
32.80489
54.45846
63.22164
85.86783
142.5026
86.75632
189.8823
244.5933
263.0032
257.0018
208.5054
101.4693
304.8105
225.313
308.1688
187.7281
106.3528
159.953195
-4.257334
4.671198
-7.424808
2.449071
38.90376
-30.19263
-17.90085
10.087202
-0.4572885
5.10898
6.351583
5.667061
16.70716
5.644952
5.0344395
-18.07874
-17.40953
-6.086703
-28.50368
25.191797
-6.2192935
-17.95282
-9.895532
0.9527645
-9.212968
-16.53563
-7.678354
23.55489
-84.79148
11.32123
33.53973
89.68197
114.6912
200.043
172.2334
192.7818
262.2379
314.1759
246.9559
270.5025
394.8242
299.8015
236.1845
348.5196
287.0771
294.2466
313.0753
229.7695
188.2741
127.4614
101.0493
69.58871
48.12402
17.93412
5.222986
4.497044
5.197397
0.7348768
-4.041142
-8.903339
-3.816223
3.525193
-2.919781
-2.692791
2.383637
-2.535599
-5.15254
-1.891926
1.860773
5.684503
-5.953411
1.82154
8.354343
-2.963275
14.48154
-15.44137
-26.8856
9.382006
38.64815
79.45837
133.8939
125.2939
138.8423
180.3254
258.0511
295.8772
315.9948
336.5368
358.1595
337.0941
376.5788
336.7215
255.8542
226.2755
212.9014
142.4903
154.2012
124.8538
79.93936
38.22699
37.87299
26.13848
16.87526
11.88774
-2.718055
-1.571857
4.572678
-0.2039684
-3.599677
-0.4519407
3.654153
2.576588
-3.512038
-19.20313
2.02333
1.70275
-0.7584135
-2.974673
1.563237
-1.217151
-3.489585
-3.08508
-1.644068
-8.636688
-0.5612621
1.1582
8.453204
63.04165
78.1485
101.6219
108.276
153.4358
190.7899
145.7773
178.9971
195.6777
305.8046
347.5854
358.9975
237.6904
268.869
232.9203
84.00264
91.31803
7.755553
83.11738
56.9199
44.27836
6.654739
1.418679
-5.799661
-0.5643446
-13.6988
-1.166536
-17.25844
-1.922773
-1.763695
-5.647914
-2.230562
-2.645664
-8.178643
-5.766755
-1.776119
-4.98105
-4.856086
-0.8602313
-2.027452
1.196111
-9.760238
-5.659343
-4.07453
-3.09054
-0.9208176
38.42228
16.01531
91.42973
87.89663
136.2745
241.7065
173.5704
215.3249
278.3479
364.8518
331.5836
381.2101
297.2032
335.1655
343.5721
322.2918
287.3161
148.8433
200.8592
49.52552
41.38096
40.53512
-41.20701
85.23917
22.07374
-4.592207
1.095073
11.59206
4.017924
2.127037
-4.025973
0.4664089
0.5893609
4.21739
0.3818567
-0.1928958
-3.298151
-18.07946
2.514502
-1.20648
-3.465278
0.3309853
-1.92607
-0.2494515
-2.364884
-3.850616
-11.84598
-0.3145901
-2.558913
23.22764
76.357
75.20052
101.8717
89.57408
135.4781
134.995
239.6548
248.7392
275.9968
184.3799
269.7851
234.1245
367.2599
289.8217
212.9142
135.6973
102.2114
115.0654
36.82001
24.15034
119.5091
-31.8041
50.39256
-72.89849
-44.49388
11.31638
-8.569816
4.783712
-10.64449
-1.799954
-0.4837616
-2.056776
-2.968108
2.40223
0.2347991
0.6119744
-3.122336
-1.172446
-1.341985
4.235968
-1.002386
-1.168231
-3.365483
-12.4833
-4.148393
1.258676
5.168602
38.14191
72.08178
103.0292
134.3799
170.1708
243.8706
227.4933
301.5956
255.1129
220.41
76.05511
242.367
142.9954
63.57127
307.946
231.5654
187.9971
167.3916
93.61483
61.10635
45.79801
35.9855
34.18661
14.06362
11.0323
-3.842522
-49.79899
13.41778
-4.805317
-16.74895
5.648802
-14.6257
1.532347
-1.5937
-2.954589
-1.467226
-2.992408
-4.018651
-1.618128
-2.815169
-2.784288
-2.53541
-1.591512
-1.083162
-5.406816
-1.600792
-3.761431
-0.6298255
11.38829
59.98294
50.68534
84.45336
123.5265
155.4295
208.8583
254.4886
239.0311
329.4041
312.5636
351.117
288.0368
194.7143
214.5696
181.1898
116.6871
165.6845
97.92157
141.1459
76.17893
68.33819
45.61768
80.96452
22.35054
30.19228
18.78264
-4.246567
-111.312
-33.21992
-43.85855
-27.62354
-33.73355
4.186732
12.09001
-12.43268
-12.86785
-11.8372
13.05453
22.60146
25.99862
-38.48886
-44.4036
1.528183
-5.25172
85.79211
13.7294
-10.42686
18.44271
12.7871
20.27962
-1.671098
101.3347
131.7889
86.92538
102.0725
141.6093
155.1228
152.2214
122.5109
96.92879
100.818
97.24079
132.0817
148.7405
204.6332
122.4012
73.7271
73.90119
20.96345
-11.174
0.6514451
0.04746721
-0.3050221
0.2466041
-0.7204123
13.53266
-12.50766
1.416862
14.66768
-6.017843
-6.556802
-6.43533
1.479092
3.155886
4.304938
15.50876
-2.595976
1.716155
0.3892661
-4.248497
1.528183
-14.00742
-33.36555
0.7695587
-41.42496
26.3089
88.65056
49.61558
116.0192
194.5376
162.2047
217.3241
359.2962
262.456
214.0418
103.5896
122.5109
55.56124
170.6436
169.3425
212.5647
172.1531
102.9576
60.64602
102.4248
72.19697
30.32198
6.127336
11.44576
7.793244
-19.88247
-0.105793
-17.63117
-3.317434
1.093086
2.271574
