1.05398613951375
2.22087411951829
-5.11372642581232
-1.68670892978868
1.67434901158828
-2.34831174733015
1.88580481708703
-2.11176346284935
0.827379004771643
1.99056759827312
-4.41860940695297
-0.75029084299023
1.2962667575551
0.454472619859123
-2.27601454214951
-0.105518268575324
-1.06342217677801
-2.07090206771188
-8.60304930697569
-5.92224267211997
-9.57261758691207
-8.28394455805499
-5.88643944558055
-5.72347648261759
-4.15408543512838
-3.5151670074983
-4.14454896614406
-6.34284480799818
-4.89831174733015
-3.87239036582595
-2.79314928425358
-7.65890933878664
-7.02941604180868
-5.27762099522836
-3.01890252215406
-6.17831856396274
-3.07894569416042
-1.33613201545103
-2.79879345603272
0.604984548966144
2.90761417859577
0.796244262667576
-1.32792115428312
-1.94904635310157
3.51093160645308
11.5104771642808
2.83029538741195
0.185795364689843
-3.15648034537605
6.98038173142468
1.36688798000454
1.95285457850488
4.23134514882981
1.53351488298114
-0.605663485571461
0.775352647125653
-6.13960463531016
-9.63087934560327
8.84436946148603
2.9026448534424
0.818099295614633
-4.51919336514429
2.48879118382186
-1.4146873437855
-1.82888002726653
-6.36482390365826
-5.81265394228584
-8.99426948420813
-8.71845716882527
-8.41322199500114
-6.00999091115656
-7.87400136332652
-7.07680754374006
-5.55991365598728
-8.02242672119973
-6.63505339695524
-8.14883435582822
-7.22623267439218
-7.10761645080663
-7.85584185412406
-5.82072256305385
-7.92340604408089
-5.90979550102249
-6.68057486934787
-5.11922290388548
-3.78537605089752
-1.62806793910475
-0.233595546466712
2.08709043399227
2.45090433992275
2.45471256532606
1.74862167689162
2.2706989320609
1.95892206316746
1.90080549875028
1.35691888207226
-3.05468075437401
-0.467470574869348
0.838004317200636
-1.5676300840718
0.379680072710748
-0.587806180413542
4.01462622131334
-0.929645535105658
0.0709174278573052
1.4249934105885
0.963460804362645
1.0010802090434
-1.69801181549648
-2.7781276982504
-1.13838604862531
-0.230222676664394
-2.7484139968189
-7.19522381276983
-6.50477618723018
-2.20280163599182
-8.44908429902295
-6.07763462849352
-6.80538968416269
-6.28769370597592
-5.45994546693933
-4.81314928425358
-4.61375823676437
-5.44290388548057
-3.72904112701659
-3.23484435355601
-2.79793683253806
-4.34046580322654
-3.60451942740286
-5.2432356282663
-5.92375596455351
-3.82002499431947
-4.11087480118155
-3.3834287661895
-2.27031288343558
-0.965425585094297
0.304283117473302
1.30060963417405
2.20120768007271
-0.522482390365826
-0.369965007952738
3.37814814814815
-2.73435355601
-0.8295564644399
-3.00519654623949
2.0474910247671
1.14052238127698
-2.65615314701204
-3.60238354919337
0.936632583503749
-6.64564644399
0.629666439445581
0.464276300840718
1.34269097932288
2.62702567598273
-1.02544739831856
2.15751124744376
-0.993202908429902
-0.82478527607362
1.15230243126562
-1.39331083844581
-3.05670983867303
-6.13946375823676
-10.0826175869121
-6.79866394001363
-7.60950920245399
-7.51882753919564
-6.85605998636673
-6.17501931379232
-4.42251760963417
-4.87202681208816
-4.16873892297205
-4.13675755510111
-4.64826403090207
-2.98655987275619
-3.69291070211316
-2.9507021131561
-3.18193592365372
-5.03172915246535
-5.82074755737332
-1.04102999318337
0.815427630084072
-2.23108475346512
-0.315391047489207
-2.223
0.504135878209498
-3.7042422176778
2.3947511929107
-2.19370915700977
-0.813705975914565
-1.72856350829357
7.21716655305612
0.663025675982731
-2.23002044989775
2.90402181322427
2.38802772097251
1.57830334014997
2.17270688479891
4.17866621222449
1.29554305839582
-4.10698477618723
-4.20342422176778
1.20231970006817
0.548883208361736
-8.66576005453306
-5.08492388093615
3.2135810043172
-0.396844807998182
-1.70558282208589
-6.46193137923199
-7.7789411497387
-10.2148807089298
-8.93683481027039
-6.27775960009089
-5.50722563053851
-5.93915928198137
-4.76997273346967
-4.90107930015906
-5.52077027948194
-3.36098159509202
-4.1671211088389
-3.99266530334015
-3.45335151102022
-4.38876391729152
-5.7616678027721
-5.35709611451943
-4.71343785503295
-4.71398773006135
-4.45154055896387
-2.01453169734151
-3.54679845489661
2.53475800954329
4.39732560781641
-0.829374233128834
3.94890479436492
8.19387411951829
-3.78353101567826
-1.27433401499659
2.78733924108157
-0.576551238354919
8.26617359690979
1.96794819359237
-3.4312519881845
1.31657236991593
0.482028175414679
0.531384003635537
3.05625766871166
2.949836400818
1.67688775278346
5.03387411951829
12.1038014087707
3.67223812769825
1.49161599636446
2.09797182458532
-6.53831629175187
-0.524831174733015
-3.92869575096569
-5.32279254714838
-10.6951920018178
-8.51199272892524
-8.9154533060668
-8.35653487843672
-4.84506021358782
-4.0320654396728
1.02715814587594
-2.2901226993865
10.7462553965008
-3.43598273119746
-7.4672029084299
-39.161849579641
-45.7682799363781
-6.93197227902749
-6.62558054987503
-7.39448079981822
-2.3138559418314
-5.7389377414224
-4.3078641217905
-0.199873210633947
-3.54679845489661
5.50060213587821
-2.8237446034992
2.91780277209725
-3.37573278800273
-5.20090206771188
-0.430688252669848
-0.420940695296524
13.5508520790729
6.41610997500568
-0.65718314019541
2.83962508520791
10.9077482390366
-17.8628652578959
0.357361281526926
1.2897446034992
-0.789767552828902
-1.10437286980232
1.85179504658032
2.22205157918655
-1.97895819132015
1.65961667802772
1.54577096114519
1.97251124744376
1.05396455351057
0.784541467848216
-2.01553465121563
-3.5814042263122
-7.70743921835946
-8.88047261985912
-7.61045216996137
-12.0674573960464
-11.106841626903
-10.4896432628948
-9.55735060213588
-8.20911156555328
-8.05093160645308
-8.56997046125881
-6.82368552601681
-3.64044308111793
1.79638650306748
2.51302658486708
-2.29232674392184
-2.78806180413542
-8.48866394001363
-6.76388775278346
-4.16418768461713
1.61478527607362
-3.54679845489661
8.45922290388548
1.18792069984095
1.20159713701432
1.4651522381277
-0.26506316746194
4.61252442626676
0.432452624403545
1.19309679618269
1.63301204271756
1.5321783685526
3.74071574642127
0.701535560099977
1.70756668938878
-2.16819813678709
-3.91112474437628
-12.5748579868212
0.0682052260849807
-3.12060213587821
-12.8691797318791
0.300763917291525
-5.52986593955919
1.08799750056805
-7.47800727107476
-0.370147012042718
5.57258350374915
-3.38372188139059
-3.54150420359009
-9.68825721426948
-10.3229902294933
-8.25359236537151
-8.46528743467394
-7.53562144967053
-11.1121131561009
-11.9226993865031
-10.576759827312
-8.42183594637582
-3.16930697568734
-8.13217450579414
-8.09858895705521
-9.50049079754601
-4.90253805953193
1.35623381049761
-5.17493751420132
-3.72838218586685
0.648094523971825
0.105841763235628
4.95695978186776
-1.55682469893206
4.38958316291752
1.20163122017723
7.62859804589866
3.69281526925699
3.72343785503295
3.62639627357419
0.432452624403545
1.19309679618269
4.83182185866849
0.559373097023404
1.60509884117246
3.22480118154965
11.9601022494888
0.936863894569416
-1.92391411042945
-1.30509475119291
-4.95425130652125
-21.7585685071575
-11.5331152010907
-7.88133378777551
13.6931538286753
2.00746284935242
-7.74621222449443
2.01939786412179
-0.315524653487844
4.04092251760963
-5.10198591229266
-7.06963190184049
-7.20268348102704
-10.1535923653715
-14.5798909338787
-11.2803181095206
-15.3426493978641
-8.87188820722563
-8.88139968189048
-6.64181095205635
-4.83819586457623
-8.03434901158828
-8.49218359463758
7.12947966371279
-6.52227221086117
-7.05476937059759
-7.56181322426721
-6.90473755964554
-5.40994319472847
-4.09987275619177
-5.1887593728698
0.433149057032493
0.319943421949557
1.21534174051352
3.23083617359691
3.37023176550784
-0.31362962962963
9.09197227902749
1.69195455578278
3.50974085435128
8.03063167461941
1.88437468757101
-0.987549420586231
1.94881935923654
5.49402272210861
-0.501270393092479
4.41735287434674
-1.36934060440809
-0.376930470347648
1.71066598500341
-10.1601181549648
0.00697112247216542
4.02458532151784
-4.63226084980686
-6.04481481481481
-0.773896614405817
6.17118154964781
-5.00267439218359
-7.03557373324245
-7.21568507157464
-9.24738922972052
-6.68266303112929
-9.49709384230857
-8.97093387866394
-8.7752488070893
-10.3010247670984
-10.9940445353329
-9.32203590093161
1.69035855487389
-17.6538309475119
-8.2031799591002
0.786721199727335
-4.31507611906385
2.8234992047262
-3.27168007271075
-3.24985787321063
9.59551920018178
-2.622176778005
-2.70775278345831
0.220882594864803
2.23324312656215
2.25539172915246
2.61984548966144
4.55199500113611
2.40183367416496
4.42368552601681
2.95145648716201
5.82638491251988
7.69473074301295
-3.81988184503522
-0.766064076346285
3.25515110202227
-0.972056805271529
5.05710747557373
-31.2958418541241
2.02554487616451
0.648135650988412
-11.3632288116337
-1.30571256532606
0.311293342422177
-2.61589411497387
-1.09251283799137
0.11909443308339
1.80476482617587
-0.418034083162918
-2.21439377414224
-6.73615314701204
-9.01529879572824
-8.96331288343558
-11.2817950465803
-10.7759509202454
-12.6402772097251
-11.6786525789593
-9.6615155646444
-8.54635991820041
-8.95073619631902
-9.92129743240173
-9.72200636219041
-7.91417632356283
-5.55603726425812
-7.88036582594865
-2.49114064985231
1.01845307884572
0.405021813224267
-3.73311747330152
-7.24195410134061
4.75391047489207
0.220882594864803
8.73975721426948
2.25539172915246
-3.60660758918428
3.3053306066803
2.66377868666212
2.96477164280845
1.86576346284935
1.88724857986821
-1.87278300386276
1.87655123835492
-19.8987639172915
12.5200840718019
1.35876868893433
2.60349693251534
-1.46904044535333
3.26908202681209
6.42397636900704
4.39154510338559
-3.71465576005453
-1.27828243581004
-0.303730743012952
3.11088161781413
1.91104203590093
-1.48353056123608
-0.3132340377187
-1.55361077027948
-3.99656441717791
-7.78332424448989
-10.5452510793002
-12.637741422404
-13.3778345830493
-10.4354101340604
-12.331849579641
-14.0623971824585
-13.1638491251988
-9.4791047489207
-8.26381049761418
-7.36054760281754
-7.00284935241991
16.0584208134515
-7.88036582594865
-2.49114064985231
7.36578300386276
-3.54944103612815
1.4670179504658
13.3118109520563
4.75391047489207
9.87916204271756
15.2462713019768
1.09696993865031
-3.41437627811861
-7.78729379686435
-0.58267643717337
2.15622335832765
3.94941831401954
-3.30258123153829
2.46907293796864
-9.10592819813679
-5.8614337650534
-1.12426130424903
-0.697889570552147
-1.84364962508521
2.50815042035901
1.82891479209271
4.28419450124972
3.38694842081345
4.38216314473983
-1.0434942058623
-0.730006816632583
-1.05437127925471
2.14632856169052
0.487311065666894
-2.34312428993411
-6.33939331970007
-10.7108248125426
-7.37969325153374
-7.17817314246762
-5.33666439445581
-10.3950647580095
-10.3162508520791
-8.11307657350602
-19.8294728470802
-11.1724619404681
-11.2252840263576
-8.6803306066803
-8.14330379459214
-7.12478413996819
1.86001931379232
-8.27654851170188
-6.39663258350375
13.7131129288798
-5.89596909793229
-14.8873528743467
33.8655760054533
1.49131992728925
19.5374414905703
9.39807543740059
-0.0614518518518518
-1.33912519881845
1.87046284935242
2.38064076346285
2.10715905476028
1.2836023630993
1.84630879345603
1.97600840718019
2.93947739150193
2.23108975232902
1.20083185639627
2.59950011361054
1.76229879572824
1.33576732560782
1.78064735287435
3.02991592819814
-1.30339536468984
14.5318245853215
-5.47995001136105
-3.03662463076574
1.97273028857078
-16.7336514428539
-9.50278118609407
-1.36976323562827
0.025559509202454
-3.44926153147012
-1.76867325607816
-6.77107248352647
-9.87031810952056
-11.1380799818223
-16.40612133606
-13.7128698023177
-9.61108611679164
-9.18107475573733
-12.9714633037946
-9.09685071574642
-8.92605998636673
-7.24671892751647
-12.3383821858668
-8.67273119745512
-10.3021245171552
-10.0364394455805
-8.24249715973643
-10.5003476482618
-6.85551238354919
-1.77127062031357
3.97016132697114
3.54987957282436
12.7439400136333
1.07638036809816
3.91323335605544
3.09998636673483
3.88493751420132
4.13861395137469
0.727072256305385
2.83620313565099
2.96810497614179
2.67370824812543
3.98205180640763
2.14791797318791
5.28189729606908
2.60608725289707
1.50620768007271
3.02991592819814
-1.30339536468984
8.50232447171097
-5.47995001136105
-5.34324244489889
4.99983185639627
2.19392842535787
3.37185412406271
2.98848216314474
1.5238248125426
2.71152010906612
-4.80593047034765
0.195753874119518
-1.96649238809362
-1.36807316518973
4.64955010224949
6.32113156100886
-13.9600499886389
-9.18107475573733
4.14261304249034
-9.09685071574642
-8.92605998636673
-7.24671892751647
-15.9486537150648
-14.8109770506703
-10.3021245171552
19.6030152238128
-8.6484026357646
-9.72007952738014
-6.07299250170416
-2.69560690752102
0.697998182231311
1.37074119518291
19.5257464212679
2.54057486934788
3.36226312201772
-22.6280458986594
1.83348784367189
2.75614144512611
-44.3154737559646
2.13167211997273
27.8021813224267
3.02349238809362
2.84567450579414
1.6674541013406
1.82716723471938
2.16679640990684
0.548869802317655
2.6582912974324
0.387893433310611
4.62720302204044
-2.20284810270393
-1.25614178595774
1.3646554192229
0.46771881390593
2.01372472165417
0.900884117246081
-1.76861020222677
1.76071142922063
-5.35815723699159
-5.72168452624404
-7.08448341286071
-6.92716768916155
-4.4085253351511
-3.35922063167462
-12.5607714155874
-10.4184310384004
-4.47541467848216
-11.5535344239945
-9.44507725516928
-9.14778459441036
-19.5589252442627
-20.9492229038855
-10.3021245171552
9.65768120881618
-9.05430811179277
-8.93981140649852
-5.29047261985912
-3.61994319472847
-2.57416496250852
-0.808397182458532
-0.927793910474892
1.07763371960918
2.81129288798
0.231593047034765
-0.217961826857532
1.37366893887753
1.1543617359691
0.475596455351057
-3.35653260622586
3.3732765280618
1.70929720518064
1.1869902294933
-1.62756282663031
1.72750556691661
-0.4084680754374
2.28666666666667
2.07918223131107
0.752081572369916
1.07425380595319
2.83095887298341
-2.27052101795047
-1.25849079754601
0.655595319245626
-1.18671392865258
-5.06104521699614
10.1032333560554
-5.91038400363554
-11.6391229266076
-12.2024744376278
-12.4862622131334
-13.4666007725517
-13.0395728243581
-11.1614928425358
-11.6557873210634
-13.0934423994547
-14.0102181322427
-9.96409452397182
-11.0488502613042
-12.914910247671
-7.98652351738241
-8.31332765280618
-0.287652806180414
-7.34617814133152
-1.80739422858441
-1.46205271529198
-0.690493751420132
1.31758463985458
1.76230833901386
3.14813451488298
3.25042490343104
3.30491024767098
2.83044080890707
2.91858668484435
2.69895478300386
-9.1657986821177
4.05076346284935
3.30896614405817
6.31282435810043
1.47518768461713
12.8994478527607
11.593076573506
6.5475482844808
12.5234901158828
11.1631992728925
2.64799591002045
8.71242899341059
-3.42151783685526
-4.1803044762554
3.26725062485799
7.94013633265167
1.05570915700977
1.7220408997955
-14.6209520563508
-4.50203590093161
-4.86238354919336
-5.00079527380141
-5.36426493978641
-15.250704385367
-9.0869166098614
-8.68405362417632
-9.26572824358101
-8.87714610315837
-4.59113156100886
-4.71545785048852
-3.69153374233129
-5.20722108611679
7.84678709384231
-0.726614860259032
-6.32453078845717
4.88001590547603
-14.4220063621904
-28.2581913201545
-2.80663485571461
6.42457623267439
-2.31498750284026
1.80378004998864
2.28811406498523
-6.76083617359691
6.13327198364008
10.2502840263576
5.79261758691207
4.93212224494433
3.10167007498296
5.20710293115201
-0.735525789593274
5.74532606225858
2.5326857532379
2.73931833674165
0.28469984094524
-1.81336582594865
2.82557373324244
3.21807770961145
2.73961145194274
3.11424448988866
5.43344694387639
5.82698932060895
5.65373778686662
3.97106566689389
1.94828402635765
2.09065848670757
1.96402204044535
0.405335605544195
-1.50488593501477
-4.47291751874574
-4.17267211997273
-2.36971370143149
-6.80380595319246
-8.7819427402863
-3.97334469438764
-5.11324017268803
-7.36523062940241
-8.69506475800954
-0.0765941149738696
-11.5927970915701
14.8104544421722
-11.5467780049989
-17.6038741195183
21.2979981822313
19.2077187002954
-19.0018847989093
3.85926153147012
3.7996841626903
-0.800936718927516
-4.44598954783004
1.64935287434674
15.6361486025903
1.91527789138832
1.58436400817996
2.59056123608271
15.1456941604181
-0.126876641672347
1.93135378323108
3.81986366734833
2.77243353783231
3.31079072937969
3.77016587139287
-1.1109934105885
2.32994546693933
8.18876164508066
3.09998863894569
23.3087025675983
13.0936150874801
4.29804362644853
1.95414701204272
1.59640331742786
3.94346739377414
4.52485798682118
0.519673256078164
12.5931174733015
-3.73388298114065
-5.53465610088616
-12.017005226085
-1.51944330833901
-1.30658577596001
-5.43000454442172
-4.05373097023404
-9.52569643262895
-7.0900408997955
-12.9025971370143
-13.0903612815269
-10.8564689843217
-9.70086116791638
-9.38278573051579
-8.59749602363099
-8.1318200408998
-11.9760758918428
-10.0095069302431
-9.74557827766417
-7.50909566007726
-1.2287152919791
0.713114064985231
0.158889843217451
-1.06134651215633
0.715975232901613
5.91058395819132
1.09433833219723
-2.70839809134288
3.6056350829357
1.54233765053397
3.0037446034992
-3.78149057032493
-0.348814814814815
-3.83524426266758
5.52420813451488
-15.1871301976823
1.3432683481027
-6.37815723699159
-10.2447739150193
8.37824812542604
-13.674501249716
3.16264030902068
2.00362167689162
13.5105316973415
2.47524199045671
-3.23426039536469
-1.05131197455124
-5.87155873665076
-7.87310156782549
-9.56442626675755
-19.5610929334242
-13.458691206544
-15.4131197455124
-12.6359986366735
-15.9318859350148
-13.3359759145649
-18.693240172688
-13.8654919336514
-11.2820222676664
-11.2410997500568
-11.4634174051352
-8.49531697341513
-12.661456487162
-8.86363099295615
-4.54184276300841
-2.41953874119518
0.686888434446717
-1.98962508520791
-2.37798909338787
-0.196568870711202
0.481493751420132
0.744640763462849
4.09189729606908
4.12283344694388
0.537488070892979
-3.97903658259486
-0.505852079072938
-3.79411042944785
3.9999704612588
0.808623721881391
8.43535560099977
3.87335378323108
-3.33047716428085
4.54206771188366
-2.62273801408771
6.48343103840036
3.52782776641672
-2.73642354010452
1.44068757100659
0.213642467620995
-6.79207680072711
-2.1253240172688
3.38238354919337
5.6408952510793
8.75298341286071
1.3452962962963
-1.78233015223813
-2.44675528289025
-4.03952283571916
-7.5939672801636
-5.90679163826403
-22.0767848216314
-18.6071801863213
-20.9519904567144
-21.6052965235174
-12.0375846398546
-10.9032538059532
-16.7937241536015
-13.1820472619859
-12.5716905248807
-8.72214042263122
-7.09734151329243
-9.42605771415587
-7.988870711202
-7.27814587593729
-4.70226539422858
3.11487843671893
1.42302522154056
1.74765257895933
3.33702113156101
3.31666666666667
2.43805044308112
3.79249715973642
-4.47728698023177
3.33743240172688
0.905238354919337
1.81165167007498
1.15566189502386
2.31226312201772
-5.52883435582822
5.25438991138378
8.00062713019768
4.17662576687117
10.9396682572143
2.5176187230175
6.08131333787775
-1.82457214269484
9.68014769370598
0.992845716882527
0.960380595319246
-8.4398773006135
8.69423767325608
-1.1663649170643
-0.97092569870484
-6.3518314019541
-12.9001113383322
-14.9311929107021
-15.5413542376733
-16.6373187911838
-17.5467075664622
-20.3735332878891
-16.0326403090207
-14.8865507839127
-18.2118427630084
-12.6912247216542
-15.3784889797773
-13.897496023631
-9.26391047489207
-10.6451238354919
-14.2757555101113
-6.68594864803454
5.0978641217905
11.9548875255624
-2.29623267439218
16.8858032265394
7.30385366962054
-15.8884639854579
1.45769802317655
17.0589797773233
8.13603499204726
3.61672460804363
-0.199777323335606
2.21904271756419
4.95637173369689
10.6218358327653
-17.9048579868212
-7.53426493978641
2.61993410588503
3.09243126562145
-10.3759441036128
-7.65205294251306
7.36101113383322
3.61290388548057
3.86415576005453
-6.46664985230629
8.16899113837764
-1.60119586457623
-1.26316575778232
-3.68145660077255
-2.99140195410134
2.04998091342877
9.7592683481027
-6.69292660758918
0.650608498068621
-20.1742603953647
-10.5309202453988
-8.13615996364463
-9.47435355601
-18.5333424221768
-14.4633537832311
-2.90039082026812
3.33257895932743
-7.95432628947966
-58.9102703930925
2.12991115655533
-9.02230629402409
5.73340377187003
-10.3435810043172
-4.77734605771416
1.27032719836401
13.1841922290389
-18.0397773233356
10.3654783003863
1.26456827993638
-1.05345694160418
-0.421625085207907
-0.192920495341968
13.8340195410134
3.44095205635083
4.07773233356055
1.1006530334015
9.00750511247444
19.4320199954556
1.54130402181322
4.07044308111793
0.431009770506703
3.68184503521927
-0.556058623040218
-19.4807316518973
3.78235401045217
4.70818904794365
1.64699818223131
-11.1087275619177
1.67582276755283
-4.19523744603499
-3.48671211088389
1.07696409906839
-1.11834923880936
-1.5511211088389
-5.06898886616678
-7.95376050897523
-7.35623494660304
-14.8327084753465
-10.1938218586685
-12.0533674164963
-19.0042513065212
-15.2188570779368
-14.9225107930016
-15.4104612588048
-14.614664848898
-10.4583617359691
-12.6642740286299
-13.6655873665076
-15.141783685526
-14.9854533060668
-12.897823221995
-3.38967507384685
-6.5427561917746
-2.2858282208589
3.36240627130198
3.84515337423313
-2.49532435810043
-20.8171211088389
19.3718154964781
15.0008089070666
-8.92680754374006
1.03140331742786
3.14152738014088
-13.2902726653033
8.90515337423313
-25.5135196546239
-0.30698068620768
-3.70896614405817
2.05120245398773
2.76821177005226
12.6633742331288
-4.62244035446489
1.45075051124744
6.01726880254488
3.36834583049307
6.40187002953874
2.92677346057714
-5.76133378777551
0.91839263803681
1.78909634174051
-1.53093592365371
2.27292206316746
2.86938423085662
2.1365662349466
1.76019950011361
-39.7530561236083
10.7923790047716
-15.4881845035219
-12.425630538514
-4.08376505339695
-19.958854805726
-4.81014314928425
0.345985230629402
-11.0595796409907
-14.8084594410361
-12.4578164053624
-18.3306998409452
-15.2011974551238
-18.7724403544649
-13.0975914564872
-10.7320086344013
-5.3166825721427
-13.1730493069757
-6.94176323562827
-6.25521699613724
-0.0751361281526926
-0.515089297886844
0.974326062258578
1.03211997273347
5.93339695523745
2.2053224267212
0.235116109975006
-3.05512383549193
9.67613042490343
-0.77419132015451
-14.2894796637128
3.91430811179277
-2.96578277664167
-9.33696659850034
15.8324857986821
1.05051806407635
6.01726880254488
15.2086434901159
0.202377482390366
-26.7961599636446
0.173394864803454
4.10153828675301
-7.08250624857987
-13.9273301522381
-4.34588957055215
-7.53274710293115
-12.4580322653942
-13.7411815496478
-13.8514496705294
-19.5198795728244
-19.2245262440354
-16.7201704158146
-16.4411770052261
-12.850556691661
-21.5581254260395
-20.3270711202
-17.0842785730516
-13.7849965916837
-14.1631856396274
-3.96289706884799
-1.87474982958419
-9.57457623267439
-7.90153601454215
-9.15004544421722
-2.45473074301295
1.94170915700977
-0.0526132697114292
-5.63738241308793
-0.990059304703477
2.70433310611225
-1.86307134742104
10.991047489207
16.5090865712338
5.73638491251988
-1.08074823903658
4.29076346284935
5.74593728698023
3.82666439445581
4.93492160872529
2.2294730743013
-8.08979322881163
16.2513883208362
11.3323744603499
-3.63786184957964
5.13085094296751
12.179622812997
15.223601454215
-38.0017723244717
-13.9145762326744
-2.42346512156328
23.5272438082254
9.87544648943422
3.88912065439673
0.991040672574415
-9.43554646671211
-11.1936809815951
-10.6909179731879
-11.4041422403999
-12.6201431492843
9.68046125880482
9.44231992728925
-9.75940468075437
-13.8481549647807
-11.5601226993865
-10.9667121108839
-22.6278595773688
-12.3304612588048
-14.1156850715746
-10.4364167234719
-8.81250852079073
-2.49022494887526
-11.2802999318337
-5.82264939786412
0.419569188820723
3.33393546921154
-2.73937514201318
-2.5843944558055
3.69770506703022
-3.17182912974324
5.46618041354238
4.61876618950239
1.25550124971597
-1.41985980458987
6.62920699840945
15.3689047943649
-2.36200636219041
5.33157464212679
0.544638036809816
4.367659622813
-0.65654124062713
8.40665076119064
-8.32624176323563
4.24443308339014
9.15060213587821
9.85072710747557
4.4299591002045
-4.44628266303113
6.70940013633265
5.12903885480573
-1.42202340377187
-1.37858623040218
-5.31948193592365
-7.89738695750966
-15.4360259032038
-14.6214814814815
-17.982962962963
-10.6565530561236
-16.4356987048398
-19.9394751192911
-15.4868893433311
-17.4746580322654
-15.3214155873665
-11.2683526471257
-15.4696705294251
-9.69573278800273
-8.6461849579641
-14.1144149057032
-14.3506134969325
-13.0559713701431
-10.9381913201545
-9.19056805271529
-7.1038854805726
-4.12901386048625
5.10357645989548
1.27186707566462
1.31289706884799
2.45417632356283
-4.59766189502386
-2.92028857077937
-3.39194955691888
15.1716428084526
21.1131515564644
2.35383094751193
8.15490570324926
1.667952510793
4.34916155419223
-21.4809202453988
1.96989934105885
-14.3999613724154
1.799387866394
-3.08297205180641
3.12752783458305
6.97925244262668
-5.54583730970234
2.44243353783231
3.9866530334015
2.92775278345831
21.4118677573279
-2.56141785957737
-4.71339468302658
-8.71037264258123
-11.9852942513065
-14.4606930243127
-22.4462781186094
-18.5691865485117
-20.1730243126562
-17.2161849579641
-21.1443308339014
-17.5062054078618
-17.978118609407
-8.98545557827766
-5.69142240399909
-12.5854351283799
-9.2064894342195
-0.409964780731652
-12.3580049988639
-23.7082254033174
-25.0610543058396
-5.75873210633947
-10.0445625994092
-2.71410815723699
-0.517947057486935
13.0275710065894
0.565878436718927
1.69764417177914
5.74186775732788
8.51511247443763
9.64100886162236
5.49518972960691
4.04190411270166
3.2315155646444
-0.799885935014769
-3.50196773460577
3.80986366734833
-2.0167496023631
-3.64334242217678
-1.41113883208362
-1.9121211088389
2.44372869802318
-8.73745739604635
1.90455714610316
2.11974437627812
2.74597818677573
6.65901386048625
-5.81442399454669
-1.54874619404681
-0.921838673028857
-11.4668666212224
-9.73715519200182
-11.1951829129743
-18.6517268802545
-14.4797364235401
-19.7249670529425
-15.2437605089752
-16.0086071347421
-17.319411497387
-16.0802067711884
-20.8538332197228
-27.7781413315156
-18.3788684389911
-16.8549329697796
-2.92409679618269
-7.99186264485344
-10.3653965007953
-1.21681027039309
-17.4216837082481
-8.93851738241309
-9.74350942967507
-4.31193592365371
-1.6493052715292
-9.69887298341286
-29.3126334923881
1.82104283117473
3.98937911838219
-25.3291524653488
2.01636446262213
3.72660213587821
5.75411724608044
3.09533855941831
3.03699295614633
0.212856169052488
16.7600590774824
12.2672369915928
1.63264371733697
23.8929334242218
5.8046398545785
11.397480118155
15.3196591683708
2.50280458986594
2.43971540558964
5.98002953874119
-6.73492160872529
0.923154283117473
5.47134514882981
-2.58647807316519
-0.860263349238809
-5.57824812542604
-10.3105180640763
-18.4967052942513
-18.8469097932288
-16.6582026812088
-18.0961326971143
-20.2970983867303
-12.8928243581004
-16.6279959100204
-21.7363462849352
-16.1318291297432
-18.0444762553965
-18.1095455578278
-15.7781481481481
-15.5737605089752
-15.2054328561691
-10.3747443762781
-9.78231311065667
-12.1183026584867
-9.44245625994092
-7.59882072256305
-2.78066348557146
2.02230470347648
-0.192960304476255
1.94444149057032
2.23689047943649
4.71332651670075
-5.6082799363781
1.95801454214951
7.46633037945921
2.95916155419223
6.87387184730743
3.92768007271075
4.81191547375596
0.251986366734833
-1.37668325380595
3.40225176096342
1.95803703703704
-6.41862076800727
1.64065780504431
3.10105203362872
2.75968643490116
-18.4618427630084
4.45062258577596
-7.90233356055442
-9.04803908202681
-2.05537423312883
-2.7612406271302
-7.09979550102249
-9.4156759827312
-10.7026539422858
-16.2259032038173
-17.1698818450352
-16.4926584867076
-15.1619586457623
-15.0386889343331
-19.2830084071802
-9.99950011361054
-13.0643058395819
-20.4507293796864
-14.4082594864803
-8.85478300386276
-9.24627130197682
4.14347875482845
-9.08491365598728
-11.7309827311975
-26.3019086571234
-5.71761190638491
-1.87826743921836
0.207564530788457
2.36776868893433
-0.999054305839582
2.81411724608044
12.9504112701659
10.6114746648489
14.1337446034992
4.89381276982504
-0.702027720972506
2.61823449216087
4.39881163371961
3.9079754601227
5.63481254260395
9.84769597818678
2.10567325607816
13.2566462167689
0.55475187457396
8.67738014087707
-27.0617586912065
-8.0103044762554
-4.31640309020677
-3.03775732788003
5.05666893887753
-54.0961145194274
2.01040695296523
-16.5288979777323
-2.20248829811406
-6.18210861167916
-8.12154964780732
-15.7175391956374
-14.1087480118155
-17.2724744376278
-18.2295023858214
-19.8647852760736
-14.9561804135424
-15.4876391729152
-20.887266530334
-14.7244807998182
-16.2593842308566
-15.0863712792547
-13.5719222903885
-13.428968416269
-12.2984367189275
-7.79508293569643
-13.6796523517382
-12.8274119518291
-12.8744717109748
-7.72496932515338
-4.59369461486026
-1.14450806634856
3.98370143149284
10.2721290615769
3.33260849806862
3.89860031810952
6.11537832310838
-2.11809043399227
-0.912103612815269
-2.60810270393092
3.89855714610316
1.72797727789139
4.09730970234038
-27.3245398773006
-5.21875710065894
-2.14456237218814
-2.88254487616451
0.731590320381732
3.44916155419223
11.8059281981368
-1.13179527380141
-0.170750102249489
6.3531833674165
-5.1698477618723
-2.8561554192229
-2.18615564644399
-2.74801181549648
-17.1464530788457
0.408740286298569
-19.7682208588957
-15.7754305839582
-18.4440967961827
-16.5408202681209
-12.4250011361054
-16.3412860713474
-19.787234719382
-17.1530470347648
-16.9889661440582
-17.0380390820268
-14.1481685980459
-13.2734901158828
-13.428968416269
-12.2984367189275
-8.83756759827312
-2.37044308111793
-8.34614178595774
-21.4011417859577
-2.55900704385367
2.47116564417178
-0.329728925244263
11.3954851170189
2.70859350147694
-1.07944330833901
0.80678936605317
-10.6052283571915
-0.382847761872302
-1.78425925925926
4.23424676209952
-2.37948193592365
1.33968325380595
-13.9098704839809
5.65911610997501
4.89420813451488
4.81027720972506
5.6663371960918
6.76360827084754
5.85894569416042
-1.90302840263576
5.62573051579187
5.71115428311747
3.55893887752783
-1.82564167234719
1.80992524426267
-3.84982503976369
-5.90357873210634
-3.83297432401727
-14.9577527834583
-17.4844080890707
-20.2120063621904
-19.3704953419677
-21.6623630992956
-23.2470347648262
-20.2525471483754
-23.4586684844354
-15.9525153374233
-20.7103340149966
-16.2555146557601
-6.63741649625085
9.27948648034537
-12.2564689843217
-12.9635412406271
-9.88005226084981
-7.13782094978414
-3.86487162008634
-29.9278118609407
10.872667575551
-21.7871733696887
-0.584236764371734
2.14682663031129
11.283928652579
-5.49149511474665
4.68545103385594
-4.50625994092252
3.78598045898659
2.60695978186776
-17.8893274255851
-2.14210929334242
5.05742785730516
3.03958191320155
-1.0642340377187
3.65417632356283
-4.07985912292661
8.45255169279709
11.0095478300386
-0.0870857759600091
-1.84857805044308
-8.57664167234719
0.406281299704613
14.3845580549875
1.49589479663713
-0.933572369915928
-3.48243353783231
-3.43133378777551
-6.58039990911157
-12.5051601908657
-15.8265621449671
-15.4992069984095
-17.9155941831402
-21.9079527380141
-17.469852306294
-18.3152738014088
-17.5293478754828
-22.0943671892752
-17.2550147693706
-16.0771597364235
-14.8948852533515
-15.297725516928
-11.0839695523745
-13.6286457623267
-16.8865712338105
-14.9181890479436
-13.8789729606908
-10.7139400136333
-8.58744376278119
-6.40379004771643
-2.44817541467848
-0.114888161781413
2.39795728243581
7.02726653033401
11.3788888888889
2.22174028629857
5.42711883662804
1.11685639627357
6.1288411724608
4.91908657123381
3.9210179504658
1.14308202681209
4.19129743240173
6.83117700522609
-6.15521017950466
-28.8307884571688
3.48804817087026
2.03457895932743
-6.90324244489889
-41.8891842763008
10.7748648034538
-4.32014769370598
11.0459236537151
6.89364462622131
-23.0223358327653
-4.91916837082481
-3.22306748466258
1.64444149057033
-15.0455282890252
-33.248625312429
-15.6554419450125
-19.901129288798
-19.0967030220404
-17.0569711429221
-17.6536923426494
-16.1780867984549
-15.6997841399682
-20.0933992274483
-14.5303294705749
-16.2499386503067
-16.4236196319018
-16.0989729606908
-17.264664848898
-13.0168779822768
-12.4593069756873
-15.9354737559646
-7.8604976141786
-6.29439672801636
1.69929606907521
-0.514000681663258
3.48172688025449
-5.97301067939105
6.43805953192456
6.91816405362418
-12.5731833674165
1.53481776868893
-1.85232560781641
3.97010452169961
-5.18146784821631
2.15375028402636
-2.68383094751193
-1.66259781867757
4.47636900704385
10.5958804817087
-23.9668257214269
-2.98901386048625
5.76674164962508
-5.1526857532379
-1.45515178368553
-0.307999545557828
-6.6977005226085
-0.0719347193819586
-6.2196955237446
-9.57865485117019
-5.78833901386049
-18.6901772324472
-14.9475073846853
-21.6003317427857
-19.2008566234947
-18.8420768007271
-27.6979095660077
-21.2897750511247
-18.7902226766644
-15.3426153147012
-21.4091342876619
-19.3732992501704
-18.7251011133833
-21.6855305612361
-23.3230856623495
-22.851374687571
-15.515335151102
-15.5694683026585
-10.4742899341059
-10.3666689388775
-10.324844353556
-1.27772165416951
3.08643944558055
1.14171597364235
-2.3853601454215
4.59686434901159
-2.96818223131107
4.4883617359691
5.04202908429902
0.897932288116337
-1.55493842308566
4.88801408770734
4.11360827084753
-1.68994251306521
5.21311974551238
-5.64314928425358
4.98118836628039
10.5958804817087
-21.1264814814815
-1.58171461031584
6.9201113383322
3.05184730743013
-2.41729834128607
3.48420359009316
-0.24560213587821
3.71285389684163
1.23317632356283
-6.40722108611679
-11.6844967052943
-8.73899568279936
-12.7139695523745
-13.42387866394
-21.3022631220177
-19.3998932060895
-54.6034083162918
-40.393796864349
-44.2941604180868
-18.3694046807544
-5.89799136559873
-6.34879800045444
-6.57628266303113
-11.2432856169052
-7.59351965462395
-9.74126334923881
-13.390377187003
-8.67336968870711
-11.2504498977505
-11.9678982049534
1.16460622585776
-5.3319942058623
-0.268756418995683
7.4325221540559
7.9748625312429
8.23627357418768
6.03522154055896
3.26633049306976
7.22192910702113
3.20769597818678
9.28988411724608
-1.55288411724608
10.9516246307657
0.431733469665985
4.28494660304476
6.73591683708248
5.48600772551693
4.36770938423086
-18.286137241536
-2.39561417859577
-0.758549193365144
-5.24105771415587
-2.33954055896387
-5.60738014087707
6.20649625085208
9.89737105203363
-18.411440581686
-0.156644989775051
-4.02932288116337
5.92271301976823
-17.2382503976369
-18.7161122472165
-23.8055441945012
-21.4935219268348
-19.2732583503749
-21.5311201999546
-24.0650988411725
-21.3961940468075
-19.5385457850489
-19.3860804362645
-9.66159509202454
-12.7193637809589
-9.85489775051125
-20.6067620995228
-16.4213860486253
-17.3652079072938
-11.6765530561236
-14.4331174733015
-7.89446262213133
-9.3862667575551
-3.78507611906385
-1.6464419450125
2.05150874801182
18.0556009997728
3.15919790956601
2.04429925017042
-13.5784412633492
-20.1333946830266
7.58594637582368
-1.37817723244717
-9.5472029084299
4.656857532379
-6.21670983867303
5.48803680981595
1.96354396728016
-1.86046171324699
0.763823903658259
-3.20951374687571
-8.43720972506249
-13.5339627357419
-2.26178277664167
-14.6989638718473
8.67898432174506
3.48569188820723
1.15829356964326
-7.60438536696205
-8.77323108384458
-13.7491888207226
-13.2113815042036
-11.59142467621
-10.2073074301295
-16.8076937059759
-22.0683890024994
-10.6183867302886
-19.5634083162918
-13.8938991138378
-15.4126380368098
-16.535973642354
-15.4779345603272
-14.1954419450125
-12.1162758463985
-11.3862417632356
-13.0419336514429
-9.56243808225403
-7.4942126789366
8.09003181095206
-4.17977948193592
-3.25936946148603
-1.21688116337196
-2.26371551920018
0.373257668711656
14.0625994092252
-14.9411474664849
4.66478754828448
-13.041915473756
-11.1295978186776
-3.06546693933197
-3.77422176778005
-3.24307657350602
4.97755282890252
3.00595773687798
8.96686434901159
-5.66770961145194
2.7112406271302
6.27840036355374
-2.81837764144513
-1.92114860259032
-21.1694864803454
1.82025244262668
-9.82918882072256
-11.6256668938878
2.19591070211316
-0.786102703930925
-6.28920472619859
-5.0123699159282
-12.5525471483754
-16.4207225630539
-21.4272710747557
-19.3579663712793
-20.781670074983
-23.4865939559191
-18.020915700977
-17.7807180186321
-19.5224448988866
-18.7258418541241
-18.3083412860713
-20.0776800727107
-16.6911997273347
-19.4905476028175
-19.2135900931606
-14.8982867530107
-11.2400795273801
-0.423943194728471
-5.87519200181777
-0.465096341740514
2.86752783458305
2.27768916155419
1.36700068166326
-7.76946603044763
10.0695978186776
-2.49064076346285
0.20381997273347
13.4688638945694
18.3575073846853
2.96997273346967
5.77879345603272
4.69912065439673
1.95893319700068
5.92556237218814
3.86023926380368
1.84801863212906
-4.10471483753692
-1.13459327425585
-2.42724153601454
4.59491251988184
10.9736946148603
6.33121336059986
1.94611474664849
-16.6296909793229
-18.2843830947512
3.89463303794592
6.63630992956146
-20.0104453533288
-13.9532447171097
-21.6916746194047
-21.7675675982731
-23.1108611679164
-4.36362872074529
-12.2849534196773
-17.228960463531
-15.9530095432856
-4.71920472619859
-5.45641217905022
13.8125585094297
-2.78619404680754
-8.37024539877301
-4.30578959327426
-4.38818223131107
2.78528061804135
-11.6723835491934
-12.2293978641218
-5.39173596909793
-2.8917496023631
-3.92093387866394
-0.706850715746421
0.73404271756419
-9.73859350147694
2.56528061804135
-0.627861167916383
-1.72934583049307
1.36345216996137
2.52359463758237
3.36391729152465
-9.53584412633492
7.26244944330834
10.1821517836855
5.15895023858214
-1.24638582140423
-2.50765507839127
-0.843902749375142
-2.40317427857305
13.6223017496024
11.8395069302431
12.7222403999091
-7.59464894342195
14.7244671665531
18.114058168598
-18.2843830947512
-2.85943421949557
3.94995682799364
-35.0085207907294
-15.3539422858441
-35.2105203362872
-22.1078641217905
-25.7673256078164
-18.2865985003408
-21.5104794364917
-16.437005226085
-14.1253010679391
-10.3355305612361
-9.30229038854806
-12.0659713701431
-14.8768961599636
-15.3592592592593
-13.4559054760282
-15.0041422403999
-17.8267484662577
-8.65032947057487
-8.41114746648489
-4.55229266075892
2.6464598954783
-3.92093387866394
-2.16538286753011
13.8186389456942
-2.99072597137014
3.19466484889798
1.05049568279936
8.05383310611225
11.677659622813
-14.3491138377641
12.881751874574
5.86430583958191
-1.88583753692343
-13.6829425130652
13.4000431720064
0.210067484662577
13.763796864349
-2.54593569643263
-5.44149511474665
4.63002499431947
5.19079016132697
8.76375823676437
-9.94850602135878
9.04802544876164
4.27669847761872
-22.0689468302658
-7.91755737332424
-11.6971301976823
-20.3002476709839
17.3967075664622
-0.566842081345149
-21.4760986139514
-25.8315837309702
-13.5658395819132
-22.1467643717337
-17.0983776414451
-19.9019404680754
-21.2161781413315
-16.9826539422858
-17.2880186321291
-16.0459395591911
-16.1187502840264
-14.4255782776642
-14.1265030674847
-17.8236037264258
-10.7492887980005
-8.01131561008862
-11.6276300840718
-9.69513519654624
-2.4050941831402
-3.62391501931379
3.49639172915247
3.75714155873665
3.8240490797546
2.72885253351511
17.8370120427176
5.48069302431266
4.87796864349012
2.91480799818223
17.6228129970461
7.05773687798228
-3.15991365598728
-0.626800727107476
1.66652079072938
3.73894569416042
-4.24796864349012
-8.47981595092025
-4.36225176096342
-1.45792660758918
4.80527607361963
-12.3023630992956
3.37158373097023
-9.5606612133606
-25.8535105657805
-12.9756805271529
-27.3442172233583
-4.76468984321745
-11.6563417405135
-12.6145898659396
-16.5980345376051
-11.6456282663031
-16.5428629856851
-20.4376096341741
-17.9626902976596
-18.824139968189
-16.6642467620995
-17.7007884571688
-14.2656055441945
-16.9942035900932
-21.3774324017269
-17.6394955691888
-12.7642831174733
-8.41555555555555
-12.848248125426
-7.61148375369234
-2.97276073619632
3.16741649625085
-0.889254487616451
-4.6484844353556
6.24008407180186
3.70330379459214
8.67211997273347
-1.26937286980232
3.59539195637355
-6.50163599182004
3.15586457623267
-0.929256532606226
5.00458532151784
4.19587366507612
9.13102476709839
11.2676709838673
3.58634174051352
13.7894205862304
5.23592819813679
-13.5027243808225
-6.79304930697569
10.3778254942059
20.5655441945013
-1.68697250624858
-6.04800045444217
5.15721426948421
-4.78371960917973
-2.15579072937969
-6.90712792547148
-17.8936423540105
-7.60074528516246
-8.523469665985
-21.3385957736878
-17.7059486480345
-18.0279095660077
-20.7625562372188
-18.2545944103613
-22.1134605771416
-17.9382117700523
-18.6268529879573
-21.1727107475574
-17.6475732788003
-16.045187457396
-17.1639059304703
-12.5072869802318
-14.0226312201772
-14.5800522608498
-12.7860736196319
-8.33110883890025
-1.43979459213815
-2.22524562599409
1.68899000227221
0.50685139740968
3.22420586230402
6.49540786184958
3.70986821177005
-18.8370006816633
5.06088161781413
5.52780731651897
4.65534878436719
3.78164735287435
8.26671211088389
4.0401931379232
7.44402408543513
3.52539650079527
-1.03715291979096
1.3198788911611
-1.98243785503295
11.2920086344013
-6.44273346966599
-0.120768552601681
4.91137241536015
3.26636900704385
-10.091390593047
4.93192910702113
-4.67411042944785
-6.09666439445581
-10.8536105430584
-15.0249806862077
-16.3776732560782
-18.8289411497387
-21.5240240854351
-25.0107475573733
-20.9731561008862
-15.7473596909793
-18.5892910702113
-18.960704385367
-10.9032151783686
-19.1311747330152
-17.5369665985003
-15.8381708702568
-10.4272847080209
-8.35354919336515
-4.25301976823449
-16.3506112247217
-3.63701885935015
-0.604159281981368
0.703486480345376
0.0913440127243808
2.59102249488753
1.659823221995
1.51622199500114
-2.57995455578278
8.38783003862758
-8.38337423312883
-4.85513974096796
-9.46872301749602
2.15066712110884
-12.5127857305158
2.47352419904567
5.05405589638718
5.0486480345376
-2.39895023858214
-2.89014542149512
4.103306066803
4.31425812315383
-2.22671120199955
-12.3265371506476
-5.40873665076119
3.52186548511702
1.19513360599864
-0.610645307884572
1.31708157236992
-0.115668779822768
-2.38559191092933
-0.110813451488298
-11.0374642126789
-12.8784094523972
-14.8712088161781
-18.4698727561918
-15.2450011361054
-18.0566553056124
-21.5016996137242
-15.87482844808
-21.2814428538968
-15.7724585321518
-12.9850647580095
-13.3859600090888
-14.3574869347875
-9.54536241763236
-14.4115632810725
-8.06237673256078
-11.4002681208816
-9.08812997046126
-13.1373846852988
-15.7732969779596
-11.132683481027
-1.2545253351511
0.781539877300613
4.41474210406726
9.26727789138832
2.54770733924108
5.2791342876619
3.90043172006362
-3.11571006589412
4.44720063621904
1.56577232447171
4.44113383321972
4.88182685753238
4.26314928425358
-1.26810497614179
3.12532606225858
0.239087707339241
-8.38054533060668
-16.7585026130425
2.16089275164735
7.5412519881845
1.31760690752102
-0.741674846625767
-2.92185639627357
1.11689934105885
16.4856827993638
2.66244489888662
-2.61713019768235
-12.5307793683254
-17.2309020677119
-18.9130992956146
-18.0932560781641
-15.0824608043626
-18.8888479890934
-16.8624517155192
-14.2309793228812
-15.7971097477846
-19.4627107475574
-14.3571438309475
-10.6076550783913
-14.3330743012952
-11.8135923653715
-4.57777777777778
-3.46687798227675
-3.96282663031129
-73.0036582594865
-53.5915473755965
-44.8849125198818
-46.7631674619405
-0.399853442399455
4.00825266984776
4.36151102022268
-0.995743467393774
2.05253396955237
18.5357668711656
7.30255623721881
1.65018382185867
-2.25982094978414
8.718788911611
4.93543285616905
4.43077936832538
7.75440354464894
16.8081867757328
3.32741649625085
3.45011815496478
-20.1618314019541
1.17455510111338
-7.55764371733697
3.61972279027494
14.4685389684163
-6.73196773460577
-1.66691251988184
-2.16812519881845
6.28000227221086
-5.49937741422404
1.90616269029766
-15.8309020677119
-19.6035446489434
-15.9804135423767
-14.923469665985
-14.3057850488525
-15.7721017950466
-17.6521813224267
-16.7310543058396
-11.4641013406044
-10.6414314928425
-10.2268984321745
-10.1061895023858
-12.2216382640309
-12.3152079072938
-12.1567802772097
4.65626902976596
-9.52689161554192
-44.09517155192
9.49610997500568
-24.9651192910702
-24.3167868666212
1.11851113383322
2.08245950920245
1.71373812769825
4.54361429220632
3.16511020222677
12.713765053397
4.86548170870257
2.26289354692115
0.0265255623721882
-1.34673937741422
-0.19659622812997
15.5539786412179
9.05914337650534
10.6350397636901
5.75532379004772
-4.63748466257669
3.59550329470575
10.3664985230629
5.3621358782095
8.22597137014315
0.883064758009543
11.8869915928198
2.24087548284481
6.25941604180868
1.55882935696433
0.540762553965008
4.47982049534197
-13.7173869575097
-16.6622063167462
-16.42577823222
-21.9558782094978
-19.0984230856624
-19.9524857986821
-20.4883117473302
-15.4238809361509
-17.2322949329698
-16.3361190638491
-17.7078550329471
-17.0235401045217
-14.8348488979777
-42.1851170188594
-8.26212224494433
-8.62354237673256
-15.0909566007726
-15.1866848443536
-12.1627448307203
-5.04532606225858
-1.87040627130198
2.63687571006589
0.156666348557146
-0.934034764826176
10.0829720518064
-5.19854124062713
6.89176323562827
2.42840718018632
2.87560327198364
2.31287207452852
-11.4122676664394
-5.32862531242899
4.26865030674847
15.2923744603499
4.46189275164735
5.38604180867985
-1.45458463985458
5.78717109747785
-7.77839809134288
-20.0980163599182
21.9522108611679
13.3849988638946
7.20680981595092
20.9132969779596
2.27298795728244
-10.3556987048398
-6.30055669166099
-0.430374460349921
-7.33677800499886
-11.4533287889116
-22.5199818223131
-20.8470961145194
-16.8800636219041
-20.8163712792547
-22.9292887980005
-18.7256214496705
-18.1590093160645
-21.4385207907294
-9.03847989093388
-17.0235401045217
4.61890933878664
-18.3325494205862
-19.4918859350148
-10.6980595319246
-14.0019950011361
-9.5849443308339
-6.23567825494206
-1.72812383549193
0.561324698932061
0.107612724380823
3.97985685071575
5.4440786184958
6.76242217677801
4.98754601226994
-1.1753683253806
6.7816269029766
-2.30628720745285
2.61627811860941
-0.492399000227221
-3.81892410815724
-7.10291297432402
-1.71230538513974
5.82455919109293
2.46390070438537
-1.77181720063622
13.7983526471257
1.11063849125199
-6.70326971142922
38.7559645535106
7.99074869347875
-32.5928198136787
-24.6229493296978
1.20905042035901
-5.16844048966144
-2.11431129288798
6.70982049534197
-15.257168825267
-29.4166553056124
-22.5199818223131
-20.8470961145194
16.2961190638491
-19.6670279481936
-22.1972040445353
-19.4851976823449
-20.1755589638719
-20.3990468075437
-13.4901783685526
-19.1573494660304
18.626857532379
-18.1695387411952
-20.4687593728698
-5.18803453760509
-13.6102340377187
-9.23667007498296
-7.94244717109748
-4.23604442172234
-0.669353783231084
2.42606453078846
5.86151102022268
0.458311520109066
-2.07792501704158
4.78874119518291
0.789287207452852
-4.48159509202454
4.87142922063167
2.17035787321063
3.55382867530107
-2.30922290388548
-1.4655973642354
2.25666802999318
7.18722563053851
-0.458240399909112
-2.08904976141786
-49.8244717109748
9.99967507384685
6.69147693705976
1.91138604862531
2.59649852306294
3.4926039536469
3.21959781867757
0.145112883435583
0.018817725516928
2.07193410588503
14.0391047489207
-10.0219109293342
-10.027920927062
-20.3914814814815
-19.5171017950466
20.0123517382413
-18.5176846171325
-21.4651192910702
-20.2447739150193
-22.1921086116792
-19.3595728243581
-17.9418768461713
-21.2911588275392
-16.1834242217678
-18.0065280618041
-21.4456328107248
-16.8253056123608
-13.2184730743013
-8.88839581913201
-9.6492160872529
-6.74396500795274
-5.48040672574415
0.422063849125199
3.22513292433538
2.26429925017042
7.24742104067257
7.07124517155192
-5.86755964553511
12.7336241763236
1.90933742331288
20.9976255396501
1.69974778459441
3.15306521245172
0.242166553056123
-5.56312883435583
6.1835696432629
2.06716746194047
-8.3081685980459
-15.8332060895251
-0.083704839809134
14.0721563281072
5.86739831856396
-24.1862531242899
2.67584208134515
2.83698818450352
-6.39818657123381
-0.246057394910248
-0.119087525562372
-6.88498977505113
-11.51258577596
-17.1145557827766
-18.2629811406498
-18.1871074755737
-17.7556487162009
-24.3612133605999
-20.4859054760282
-27.2933651442854
-21.3127539195637
-20.223730970234
-17.7847580095433
-19.3582435810043
-17.7339411497387
-1.10760327198364
-13.8305657805044
-12.0407566462168
-9.27989547830039
-12.8931356509884
-15.2446239491025
-5.12057032492615
-6.12398545785049
-2.09584548966144
1.98866075891843
4.60708248125426
-24.9997727789139
13.6655941831402
8.41363553737787
-6.40820722563054
-0.461436037264258
-15.7209338786639
6.90534878436719
8.61535332878891
1.94993047034765
-9.18553965007953
-1.77381436037264
-53.6348557146103
-2.51559872756192
18.1580595319246
-10.1670847534651
-3.22312201772324
-3.42040899795501
8.54609179731879
1.8590802090434
2.45437855032947
-12.9414860259032
-0.510932515337423
4.99590774823904
-8.38929561463304
-3.81942967507385
-15.6944807998182
-15.5094478527607
-15.6860009088843
-16.1411633719609
-12.8219541013406
-21.9626880254488
-15.3150352192683
-18.682274483072
-18.4873051579187
-17.2733583276528
-4.31936378095887
-19.2844580777096
-16.9414087707339
-13.1558850261304
-14.4045875937287
-12.5962213133379
-10.0689275164735
-25.9165416950693
-6.83943649170643
-3.84764144512611
0.0115539718245853
1.88095591910929
3.85518518518519
2.60738922972052
3.41037491479209
-10.6395705521472
5.20917973187912
3.79604408089071
3.08635537377869
-1.94865576005453
3.01202226766644
-12.4859213815042
1.4972881163372
-5.54983185639627
3.91048398091343
5.84453533287889
-3.61741422403999
-6.92314473983186
-3.65253805953193
6.52505339695524
-4.58094751192911
1.77553783231084
8.1493796864349
-3.45076119063849
-6.85540558963872
0.544994773915019
-6.77295614633038
-8.32865485117019
-12.6394773915019
-16.1203862758464
-14.3962781186094
-14.5620722563054
-15.29401045217
-18.7780595319246
-15.1674187684617
-17.990393092479
-15.500736196319
-17.8617564189957
-18.7142922063167
-17.6980186321291
-12.8988593501477
-18.8179959100204
-12.6493092478982
-15.5506362190411
-12.8874914792093
-8.9293683253806
-6.79216768916155
-3.96159509202454
-0.892665757782322
3.22583049306976
2.81420586230402
-2.25119495569189
4.38316973415133
0.470294024085435
9.67421949556919
4.05303340149966
-4.65631447398319
-12.4439740967962
-4.26591456487162
-11.9394296750738
2.92410134060441
-2.00868052715292
5.61978868438991
3.50341967734606
6.73488525335151
1.52105135196546
-8.33004544421722
-7.0038150420359
-4.35539422858441
-5.66471256532606
-3.32138150420359
0.643679845489661
-0.313111111111111
9.02909338786639
-5.30337877755056
-7.19648034537605
-10.0215132924335
-17.1152351738241
-16.145825948648
-16.34340377187
-17.231915473756
-16.4232674392184
-20.099411497387
-15.8412088161781
-16.3977277891388
-18.2970324926153
-21.0509134287662
-11.3349284253579
-14.8777800499886
-10.4948852533515
-16.2625653260623
-13.8994887525562
0.620932515337423
0.712260168143604
-7.00611792774369
-3.77805385139741
-1.27798023176551
0.702012042717564
-1.01319563735515
8.40476709838673
5.35596455351057
-1.5268445807771
0.563793910474892
-1.88352419904567
5.87596909793229
-2.53433083390139
3.86765735060214
1.35600045444217
9.57887525562372
-2.21109770506703
-27.134174051352
21.1206407634628
-5.72185412406271
-4.57757555101113
12.2194205862304
-4.4746398545785
-4.27690524880709
-3.9693387866394
-4.35453306066803
2.39073619631902
-1.51324176323563
-2.37448079981822
-7.47111111111111
-10.5722472165417
-18.7257986821177
-11.6218404907975
-13.4826403090207
-19.8389956827994
-16.7556191774597
-16.1733855941831
-13.1987480118155
-21.8951374687571
-14.2938036809816
-14.6163803680982
-12.7686934787548
-14.6455305612361
-14.6140558963872
-14.6119268348103
-11.7685117018859
-11.4721040672574
-12.0959327425585
-8.94921835946376
-7.22006816632584
-3.59451261077028
-1.66329470574869
0.341087252897069
11.5316768916155
-4.12390138604863
4.07649852306294
-0.967800499886389
-11.0627084753465
-23.3823221995001
4.97680299931834
4.83858441263349
1.90866144058169
4.66395591910929
4.32872528970688
13.752094978414
-1.07076005453306
5.8926448534424
-0.925267666439446
5.36448079981822
4.29562372188139
-3.96881163371961
-1.90782390365826
4.64146330379459
3.51623040218132
-13.6024812542604
-11.355335151102
-0.798382867530107
-0.977401499659168
-11.0196387184731
-12.7588911610997
-13.119018404908
-17.8109952283572
-16.9629152465349
-15.4581572369916
-18.6730902067712
-17.5091388320836
-13.9228788911611
-14.0154192229039
-17.5632038173142
-11.8415246534878
-17.4484139968189
-13.3626062258578
-15.1002590320382
-13.8019677346058
-1.33200454442172
-2.73686434901159
-2.64751647352874
-3.41380822540332
1.56055169279709
10.2896000908884
3.7144058168598
2.88467620995228
1.00739831856396
17.9674733015224
10.4429856850716
6.98199045671438
4.04772778913883
-0.980967734605771
9.76332310838446
1.39634628493524
-2.37920472619859
-0.717617586912066
2.81482617586912
-9.52729379686435
3.73289150193138
11.0111770052261
13.9560543058396
3.12211429220632
11.2188525335151
-7.54110656668939
4.51353328788912
30.9251760963417
-2.74181549647807
5.65013406044081
-1.19066007725517
-2.43203817314247
-4.99371506475801
-9.42248579868212
-16.2413655987276
-17.1890479436492
-16.8554964780732
-21.8519881845035
-25.9298568507157
-16.9010770279482
-11.6733128834356
18.2549738695751
-20.7655600999773
-15.0618291297432
-19.756219041127
-17.7990115882754
-14.6694183140195
-15.0869756873438
-39.3762781186094
-8.62521813224267
-17.0781890479436
-3.93679959100205
7.7556873437855
-14.1892706203136
-36.295023858214
-13.3690274937514
-52.7662576687117
12.0531174733015
-16.9981299704613
5.79037605089752
-3.30057486934788
1.99985912292661
14.6880618041354
2.91022949329698
0.044345057941377
-5.76396046353102
-8.12244262667575
3.37300386275846
1.57313815042036
8.07720972506249
22.5476278118609
1.94860486253124
-0.307443990002272
0.486262213133379
0.378600999772779
3.19276528061804
6.16806862076801
1.48980936150875
4.53169506930243
1.69248738922972
-1.92375460122699
0.592641672347194
-15.5002772097251
-11.9432583503749
-18.0544648943422
-24.7332651670075
-23.5593501476937
-20.0833356055442
-21.6906430356737
-21.7275323790048
-23.9679163826403
-18.2821336059986
-22.0640240854351
-22.235416950693
-25.0636900704385
-16.3719836400818
-15.0263712792547
-14.5135719154738
-4.36400363553738
-4.45979095660077
-1.54190842990229
5.34987275619177
2.33441036128153
4.94382640309021
4.74002726653033
5.48053169734151
-13.6755737332424
4.59876164508066
3.5966643944558
4.68567371052034
6.48320608952511
4.26382413087935
7.9410179504658
-7.78909906839355
-20.5698477618723
-0.137083617359691
7.61101113383322
8.0059770506703
11.8280319245626
-2.69950011361054
-22.3768531015678
5.30199272892524
5.34387639172915
5.83666666666667
4.49354919336514
3.71795501022495
1.30668598045899
0.356024312656214
0.0921645080663485
-1.20695114746648
-4.70577596000909
-14.6319563735515
-14.7731833674165
-23.7387639172915
-16.2412224494433
-18.3480118154965
-18.3069097932288
-28.1437400590775
-21.3310065894115
-24.3269938650307
-16.562733469666
-13.573224267212
1.27840740740741
-11.7097875482845
-11.1633185639627
-6.0691751874574
-7.45454896614406
-4.39278118609407
0.00833703022040445
1.85649466030448
-6.25301976823449
3.97803453760509
2.03655510111338
6.48441490570325
2.08649352419905
-0.809976141785958
2.78023858214042
-13.3357986821177
6.10374914792093
-12.1332310838446
2.78436946148603
-9.81423767325608
3.25028629856851
-3.64717109747785
-12.85775732788
7.93474437627812
1.10843603726426
-11.477102931152
-44.4462622131334
8.8992569870484
-8.56013178822995
-0.806601454214951
-1.35484980686208
-5.98147920927062
1.63170097705067
-0.981609179731879
-5.44470347648262
-18.3530515791865
-11.9761395137469
-20.7109202453988
-20.0515950920245
-18.5033401499659
-21.4275869120654
-19.3896159963645
-20.073683253806
-19.5606657577823
-17.9937082481254
-16.6529856850716
-17.4694978413997
-8.31616678027721
-6.98562826630311
-7.04759145648716
-7.30026584867076
-17.5619950011361
-5.21282208588957
3.10377187002954
6.12014769370598
-6.993469665985
4.36879345603272
4.7465416950693
6.74599409225176
6.32396500795274
4.06473528743467
1.40486764371734
6.99565212451715
-11.2099727334697
-4.73807998182231
-2.38804362644853
-9.50032265394229
-2.93514996591684
-11.2290115882754
0.934259259259259
16.2152987957282
10.388894569416
-14.2471824585322
28.2560099977278
-26.8751749602363
34.0838900249943
-4.48274789820495
1.35215519200182
-3.00868029993183
-3.76163951374688
-0.0165660077255169
-2.83148852533515
-8.92708475346512
-15.9101840490798
-14.9926403090207
-18.1488252669848
-18.4601102022268
-5.09903885480573
-41.7753010679391
-13.3471597364235
-14.4478186775733
-20.4795523744604
-27.0119518291297
-21.5952283571915
-18.4405157918655
-20.6425994092252
-15.3006453078846
-11.4655464667121
-12.6838673028857
-9.25024767098387
-9.65922063167462
-4.60937059759146
-3.37026130424903
1.20726448534424
6.19216314473983
4.03053396955237
-1.7311701885935
-3.09773460577142
3.35960009088843
3.61971142922063
11.2110656668939
11.7058486707566
5.52268120881618
7.35714383094751
-15.4805794137696
3.9439377414224
4.56298341286071
5.82856169052488
3.9349852306294
12.843044762554
2.15912406271302
-1.52036946148603
-9.30408770733924
4.39839354692116
-0.405364008179959
-3.95729606907521
-4.66251079300159
-1.54179981822313
-1.6648329925017
-4.68136787093842
-12.4094660304476
-13.467316518973
-18.0091411042945
-15.5867302885708
-16.868625312429
-28.6502840263576
-17.633469665985
-20.3467893660532
-16.4608111792774
-15.5785298795728
-15.0359259259259
-14.2456600772552
-14.2357327880027
-20.6095478300386
-16.5723449216087
-12.9498829811407
-11.6824585321518
-9.1561440581686
-11.1243331061122
-3.93378095887298
0.226733696887071
1.20726448534424
0.441973415132924
5.18104521699614
1.87387298341286
-3.69072483526471
-0.869915928198137
2.59888252669848
10.7078641217905
12.0151681436037
6.08665416950693
13.9815757782322
-5.43493865030675
-11.6162281299705
-7.76762326743922
-9.33721881390593
1.10742944785276
-1.64570506703022
-15.4731418995683
6.14926607589184
14.3492206316746
8.32589184276301
-10.2772298341286
-18.4834878436719
-18.5497409679618
-4.93524426266758
-1.03949125198818
-2.47046580322654
-5.37008407180186
-10.8762485798682
-15.013567371052
-19.4706748466258
-20.9855964553511
-23.1314473983186
-25.8410361281527
-15.2608566234947
-22.603812769825
-25.2156100886162
-13.3255010224949
-15.5000954328562
-15.9542853896842
-12.4828516246308
-17.8440445353329
-14.4342194955692
-10.6810497614179
-9.06204044535333
-5.21118382185867
-7.19096341740514
3.82372869802318
0.589660452169961
-5.30821631447398
-1.1291997273347
5.47891615541922
2.60074755737332
-5.09943194728471
1.57805362417632
10.2046625766871
12.3244876164508
6.65062713019768
20.6060077255169
4.6107021131561
-5.25387639172915
-0.964765280618041
-24.5029993183367
-1.72012633492388
-11.4586071347421
-33.1054078618496
2.69543058395819
-7.19703022040445
12.2533901386049
-20.1490956600773
7.38323335605544
-1.97665348784367
0.733094523971825
-3.71588729834129
-12.2012201772324
-12.6454124062713
-13.7903612815269
-15.1932788002727
-16.6297568734379
-20.8465894114974
-16.6600545330607
-23.7160645307885
-17.6266257668712
-23.8030674846626
-26.1939331970007
-15.4984548966144
-16.3120972506249
-13.0652283571915
5.58275051124744
-4.79191774596683
-6.2755941831402
-3.78813678709384
-4.11710747557373
-5.21118382185867
-7.19096341740514
-12.212527834583
-0.0279435810043172
1.63051692797092
8.69461258804817
-1.81493546921154
-10.4186707566462
1.01872097250625
5.50827766416724
-4.87682344921609
-1.16870506703022
5.40386730288571
3.01774369461486
3.42656668938878
2.08642126789366
1.47684753465122
-12.8121813224267
14.2867461940468
-0.660832538059532
-7.09375596455351
12.0710384003636
4.02730515791866
1.34934151329243
3.43902067711884
3.99162463076574
-3.77424903431038
3.67283571915474
-1.65529356964326
-2.06091592819814
-3.25081572369916
-3.91812997046126
-23.8292206316746
-17.6756827993638
-23.9720745285162
-26.1478982049534
-19.4624017268803
-22.8387639172915
-20.68047489207
-18.8589502385821
-18.9659441036128
-13.1126471256533
-6.59327425585094
23.6483526471257
16.7155305612361
-8.99931947284708
-7.60449897750511
-8.43553737786867
-6.67093501476937
-4.97435582822086
-28.2487843671893
20.9387548284481
3.63997102931152
8.69461258804817
22.0506839354692
25.9766643944558
4.84288570779368
26.8773915019314
24.9381276982504
5.85731879118382
28.2185639627357
0.344118154964781
2.95669506930243
16.0440740740741
4.44979391047489
-23.546398545785
8.28261985912293
-5.0278527607362
-4.22418541240627
4.12433992274483
37.2803453760509
25.0548511701886
-20.3425085207907
2.84275391956374
-7.09900249943195
-15.8877505112474
5.40327425585094
-2.5772200636219
-2.36293115201091
-29.403976369007
-17.9014314928425
-18.9097795955465
-6.40779595546467
-6.51830038627585
-13.4796955237446
-13.9245762326744
-18.8226289479664
-20.9197682344922
-20.185385139741
-18.4082912974324
-17.3103817314247
-18.7603612815269
-12.0583367416496
-11.723044762554
-11.4208611679164
-12.7539672801636
-8.13068620768007
-2.75774823903658
0.982769825039764
12.0934503521927
5.64942513065212
3.54220665757782
16.0975516927971
25.9766643944558
4.84288570779368
-19.3164235401045
13.2993362872075
8.87860940695297
20.0437275619177
3.0022994773915
2.48682344921609
30.0017268802545
7.42274028629857
33.997250624858
-6.26647580095433
8.88268348102704
5.18140195410134
-1.09347375596455
3.51042490343104
9.04962508520791
3.39169052488071
8.3945466939332
-10.4237559645535
0.268034764826176
-0.808427630084072
-3.09352419904567
-2.48566916609861
-11.1245194274029
-11.9736423540105
-20.1438763917292
-20.0701817768689
-21.0767870938423
-22.9859122926608
-16.0499454669393
-15.4121972279027
-17.627446034992
-17.2024676209952
-17.5133128834356
-17.9348875255624
-20.9600522608498
-16.3178527607362
-16.6308202681209
-13.6519495569189
-10.3730220404454
-3.166857532379
-4.64870711201999
10.8105180640763
3.24814587593729
2.54817768688934
-1.61019927289252
10.144419450125
18.0440718018632
6.73400590774824
-27.4875800954329
1.66054487616451
11.8999000227221
11.8688911610998
-14.5848897977732
14.8547852760736
2.19881708702568
-4.49482390365826
-11.424042263122
-1.53028175414678
1.18168938877528
3.74350602135878
2.48815950920245
3.79836400817996
-10.7172074528516
3.11174733015224
-2.3125630538514
0.620907975460123
-0.291072710747557
-11.6848920699841
1.94638423085662
-5.17805271529198
-14.1093887752783
-10.2122017723245
-15.5316314473983
-18.2525789593274
-19.2990820268121
-19.5339218359464
-17.3501545103386
-15.8575460122699
-15.0913996818905
-15.7577073392411
-17.9522313110657
-10.9917132469893
-17.4818223131107
-14.865588502613
-2.81305157918655
-7.01267893660532
-2.29141558736651
-2.48756418995683
-6.53966598500341
-5.83317882299477
1.5868493524199
3.2570393092479
6.50872301749602
5.70432856169052
10.1114792092706
8.62512610770279
-35.6587366507612
4.32458986593956
4.86193592365372
2.77883435582822
3.26653715064758
1.21733151556464
6.34531924562599
10.6982231311066
-0.821782776641672
-0.932372869802318
-26.8520109066121
-14.6973437855033
3.2489820495342
-8.3422994773915
7.03771415587366
-5.45648488979777
-17.4890979322881
-1.02765576005453
10.2795932742559
14.2636764371734
-4.9316791638264
-5.50802090433992
-13.0411929107021
-13.0839786412179
-18.6447852760736
-14.9932015451034
-20.2017268802545
-16.0489956827994
-14.3457555101113
-13.9747489206998
-16.5190547602818
-15.3654601226994
-12.0677073392411
-18.164139968189
-14.0035923653715
-13.4133242444899
-8.04837764144512
-9.43578504885253
-6.40672801635992
-1.941836400818
-2.65259713701432
11.4088684389911
24.767643717337
-0.515313565098841
-13.9162372188139
0.311216768916155
15.8133242444899
-11.4598863894569
-6.09752783458305
7.51227902749375
-13.2018450352193
-33.5164962508521
3.65927970915701
-5.41704385366962
8.38247898204953
-2.63374687571007
3.24334469438764
6.886612133606
2.61483072029084
1.58920540786185
5.48312883435583
-7.27354464894342
3.79893433310611
-3.16725744149057
-2.8691342876619
-7.82588957055215
-2.81882299477391
-3.66329243353783
-7.11868893433311
-7.02783685526017
-13.366923426494
-10.4835105657805
-20.6881004317201
-17.5495023858214
-14.365794137696
-20.0941286071347
-16.5659940922518
-17.2689502385821
-17.8648034537605
-18.2718177686889
-7.2656055441945
-6.63785957736878
-11.034419450125
-3.99466030447626
-15.5882935696433
-9.58143603726426
-6.16977050670302
-2.36311883662804
-15.7167189275165
1.93345489661441
8.95543512837991
-4.28766643944558
1.46575528289025
-5.08189502385821
4.14533515110202
1.47595569188821
4.86155192001818
5.24822085889571
3.55765735060214
-2.85899113837764
1.18132788002727
8.21815496478073
8.93442626675755
-7.43424676209952
12.698625312429
3.79660986139514
5.01204498977505
6.53930470347648
-2.83290161326971
-8.25540331742786
-1.23534355828221
6.5089934105885
1.83906612133606
-13.8941536014542
-20.8079527380141
-13.8395364689843
-4.56016587139287
-3.33444898886617
-8.59399227448307
-9.73333787775505
-13.0289638718473
-14.3248625312429
-17.2404544421722
-18.4347148375369
-14.9774778459441
-19.3689252442627
-11.320833901386
-13.9955055669166
-14.7573006134969
-12.9031765507839
-10.6812088161781
-12.2680345376051
-7.47780277209725
-9.72708702567598
-5.93281299704612
-2.78440127243808
-1.9709116109975
-0.643240172688025
3.61344921608725
2.5813928652579
-5.55282890252215
6.13693478754828
4.97272892524426
1.52061008861622
2.10810406725744
9.67990002272211
-3.75555555555556
25.0728243581004
12.2955032947057
-8.28906839354692
22.5729879572824
1.40022608498069
1.82321131561009
3.75541922290389
2.65883208361736
-1.20926334923881
-6.2564894342195
-1.87821358782095
-0.165513451488298
5.27493978641218
15.8067257441491
-0.132156509884117
2.35047943649171
-1.65173846852988
-1.33272960690752
-6.87870029538741
-10.9949057032493
-10.1371211088389
-16.6209179731879
-22.3131015678255
-15.9477482390366
-19.7949602363099
-9.90657350602136
-6.20286071347421
6.56149965916837
6.7174255850943
-5.47840831629175
-6.14840490797546
-9.61056350829357
-9.20053396955237
-9.75523744603499
-5.69021813224267
4.11282208588957
-23.6752556237219
-1.76162508520791
1.15749715973642
-25.8717109747785
-27.0164280845262
-45.7659168370825
-2.13200340831629
14.4027311974551
26.8556918882072
-2.29743740059077
13.5299500113611
-3.75555555555556
25.0728243581004
12.2955032947057
-1.36112088161781
22.5729879572824
-0.483294137695978
8.16854726198591
-4.14018404907976
-9.84225630538514
22.672749375142
-47.7486025903204
2.33813678709384
-20.1319063849125
10.7157259713701
10.0682924335378
8.88067257441491
3.02836059986367
-17.1560758918428
-3.30417552828903
-5.78318109520564
-10.2995921381504
-22.4809588729834
16.9901999545558
22.321195182913
-17.2195126107703
-19.0048148148148
-24.6602590320382
-14.7840195410134
-11.9928857077937
-4.97899227448307
3.80048398091343
-18.6240740740741
-14.3276255396501
-8.9642308566235
-2.79574414905703
-3.25621676891616
-5.07603044762554
-4.78300840718019
-1.55233855941831
2.95823449216087
3.1879459213815
1.16338241308793
4.392094978414
0.766776073619632
1.92631947284708
6.41178368552602
-6.70297886843899
17.38
-1.26743830947512
7.34638264030902
8.40584639854579
3.83900215860032
12.2149934105885
-2.36681436037264
14.5138832083617
-6.16248579868212
-3.69426039536469
-1.21945512383549
-19.5264701204272
9.94604635310157
11.0536082708475
2.0169934105885
4.32985912292661
4.74985912292661
3.70624176323563
1.18740718018632
-5.27562144967053
-4.68766189502386
-9.60427857305158
-13.2033787775506
-16.9530902067712
-15.8276687116564
-18.491276982504
-18.2146693933197
-12.768166325835
-12.6632788002727
-14.50918200409
-16.6754101340604
-13.0694478527607
-10.5801136105431
-12.8772858441263
-7.87947284708021
-2.99977277891388
-9.68375142013179
-9.1004567143831
-5.38219950011361
-3.54225403317428
-1.17165689615996
1.53047239263804
5.24513065212452
4.58511929107021
3.66555555555556
-9.29410134060441
5.58141104294478
3.10852079072938
3.75663031129289
1.22067893660532
-10.3800590774824
4.51618950238582
9.03912519881845
1.85699886389457
4.98102931152011
8.8036514428539
4.68200636219041
9.75318109520564
10.8254896614406
8.69566234946603
-18.9094205862304
-14.0174573960464
5.964435355601
0.935556009997728
10.7225380595319
1.65987820949784
-1.96147602817541
-0.394648261758691
-5.53364235401045
-12.1028561690525
-11.5083072029084
-15.7584071801863
-18.7008657123381
-15.2139559191093
-16.6894205862304
-22.0378504885253
-16.9881117927744
-16.9871301976823
-15.7400886162236
-15.450393092479
-13.8954578504885
-11.4269461486026
-6.79471483753692
-10.0952806180414
0.378861622358555
-2.21415473755965
-5.62640536241763
4.62660304476255
4.3962962962963
-20.6394501249716
4.71098954783004
-6.69113383321972
5.3058543512838
2.75822881163372
5.96731311065667
-31.5760508975233
-2.09928357191547
7.52669166098614
-3.39752101795047
5.09285389684163
8.9076448534424
4.5466350829357
4.78772324471711
10.7599625085208
4.68200636219041
4.88999772778914
2.01124812542604
13.3407725516928
-18.9094205862304
1.61271779141104
3.83409906839355
-0.70401931379232
10.7225380595319
9.10079572824358
1.1905957736878
5.67918427630084
-4.63335605544194
-8.51744603499205
-10.1217541467848
-17.6716416723472
-8.13754146784822
-6.18340831629175
-6.45461940468075
-6.94553056123608
-6.83239263803681
-5.89542603953647
-3.47996364462622
-2.64419222903885
-7.7189116109975
-10.4396750738469
-10.8568825266985
-12.1383844580777
-11.5456259940923
-13.4381640536242
-10.8543103840036
-4.65398545785049
-0.569783912747103
1.48404112701659
4.17684844353556
-17.9673869575097
6.94615314701204
14.8105589638718
6.35321517836855
4.50143149284254
2.87810952056351
-2.24711361054306
3.58501704158146
5.66951829129743
8.77616450806635
7.23627130197682
4.59441717791411
12.7162735741877
7.80152692569871
4.88999772778914
2.99984014996592
-2.89528743467394
-8.80683344694388
-2.78326289479664
2.82733015223813
-2.34359463758237
6.33758407180186
16.5417132469893
4.34266757555101
-2.30197909566008
-3.73306975687344
-4.93203590093161
-8.73520109066121
-19.5848761645081
-7.19796864349012
-18.7910156782549
-18.4367984548966
-19.9067575551011
-14.1668143603726
-15.3589797773233
-9.29543172006362
-17.5812338104976
-11.9218223131107
-15.38965689616
-9.80583276528062
-11.0260099977278
-11.5074767098387
-10.5035401045217
-7.73877641445126
-3.81341967734606
3.71630084071802
0.781952272210861
-16.8972074528516
11.0784026357646
4.81084867075665
11.1317655078391
7.88690297659623
5.21935696432629
1.29946943876392
-26.916269029766
0.682227221086117
5.70556578050443
9.85427857305158
13.1499863667348
7.60592592592593
-9.86098613951375
10.921047489207
-3.07472733469666
3.98843217450579
-6.00576005453306
1.29575369234265
-4.544517155192
-7.1146693933197
-16.3281072483526
1.9526300840718
9.48536241763236
-4.32708929788684
-2.35851851851852
-8.24923426493979
-10.1627357418768
-9.6706612133606
-12.2618632129062
-14.9530402181322
-17.8054396728016
-18.7765644171779
-15.5466257668712
-16.4667325607816
-19.7350988411725
-15.110899795501
-15.4141467848216
-16.4151442853897
-12.5791592819814
-13.183224267212
-15.4498432174506
-11.4693274255851
-7.56891615541922
-4.62324244489889
-2.97285389684163
-1.350340377187
0.0798634174051352
3.27684389911384
2.39443990002272
2.67554419450125
7.45297205180641
5.57536468984322
1.63704771642808
-4.98850261304249
17.0711565553283
-2.22056259940923
5.74161326971143
1.10630061349693
-2.1534812542604
0.48218723017496
2.01764939786412
-17.0508475346512
-11.0394523971825
-13.038329925017
-5.79883890024994
-0.704966825721427
-10.6661599636446
2.24262258577596
-33.2439672801636
9.5317087025676
5.72334242217678
1.07258963871847
-2.83220177232447
-5.55985230629402
-15.9153942285844
-9.27506248579868
-9.57885935014769
-11.5006907521018
-15.7635764598955
-16.8603567371052
-14.9766303112929
-15.9211883662804
-15.0244308111793
-15.4851261077028
-16.3683890024994
-15.3845625994092
-12.4110702113156
-12.8024812542604
-11.4859850034083
-7.78773687798228
-8.27437173369689
-6.46327425585094
-3.13029538741195
0.790199272892525
1.79095932742559
2.35883662803908
5.10210861167916
5.01259713701431
-0.826217223358328
-1.4348084526244
4.17909111565553
4.1529493296978
-5.54262213133379
2.98982049534197
5.82411270165871
-4.54827084753465
-1.54951033855942
-7.64980004544422
-0.730572142694842
3.16009543285617
-26.0456714383095
2.42233356055442
-0.369748466257669
-0.672437627811861
-2.26533083390139
-3.70134969325153
2.76121790502159
-14.7585139740968
1.92194887525562
-0.304733924108157
-2.71669620540786
-3.30328561690525
-12.7740899795501
-6.69049988638946
-10.543290161327
-13.466989320609
-14.33857532379
-10.6292365371506
-15.8565598727562
-16.9783344694388
-17.7033287889116
-16.3038195864576
-15.1809588729834
-10.0331879118382
-11.8679640990684
-13.5984276300841
-2.81878663940014
5.40755282890252
24.6534878436719
-0.394096796182686
-2.84715973642354
-0.857850715746421
-1.02850829356964
3.05655987275619
5.33465803226539
1.15672551692797
-4.06203362872074
-0.765610997500568
3.26002726653033
0.886522608498069
3.57159509202454
1.95268143603726
3.77595319245626
-6.37842535787321
6.46527607361963
1.26119109293342
2.82642581231538
3.21195182912974
-1.30753601454215
-2.97507157464213
-3.69260168143604
-2.62536468984322
7.96107248352647
1.96111656441718
2.8801931379232
0.601498068620768
2.02527425585094
-4.15665076119064
33.2307430129516
0.79698773006135
-3.76388320836174
-16.0500636219041
6.09115428311747
-12.1726721199727
-12.6081731424676
-14.0857305157919
-17.2473619631902
-13.8666007725517
-15.8476459895478
-11.2676778004999
-12.9622858441263
-15.7739082026812
-12.652897068848
-10.9643512837991
-6.94705975914565
-10.9686207680073
0.373307657350602
5.67508066348557
-1.75896682572143
-25.1269371733697
-19.5851471256533
2.10520631674619
-7.23608725289707
3.49660531697342
7.98789820495342
2.5537741422404
-2.7262962962963
8.59682117700523
1.04074210406726
5.45569188820723
1.90275096568962
-2.32901613269711
-2.25502908429902
31.3783003862758
8.38166325835038
-2.93815723699159
-3.83577823221995
3.37708929788684
-10.3862485798682
2.23942285844126
0.719773687798228
3.51563053851397
3.87106339468303
6.21605089752329
1.70565416950693
-3.45699159281981
1.74752965235174
-1.4318788911611
-5.2780458986594
-8.55588275391956
-13.0531197455124
-11.7812065439673
-12.7378913883208
-15.4864780731652
-17.785564644399
-11.6146273574188
-13.0508543512838
-11.2676778004999
-12.3852703930925
-15.1179391047489
-13.2462894796637
-9.00981822313111
-7.59982731197455
2.28435128379914
-6.0701226993865
-0.686853669620541
-0.670773915019314
-49.396023630993
-38.1417859577369
-36.8039309247898
-1.86297659622813
1.21286480345376
-1.02992319927289
-3.07511247443763
5.23246762099523
10.3775641899568
3.11039082026812
-2.79599636446262
-2.85813451488298
-11.50952510793
-7.03131561008862
4.77302885707794
3.62105203362872
3.91671892751647
4.31841399681891
2.02987843671893
-5.41251306521245
2.6506612133606
7.26237900477164
5.00648261758691
3.41156782549421
-9.09023176550784
-1.21624017268803
2.96839127471029
0.165821881390593
-2.6931833674165
-6.47139968189048
-7.37650306748466
-10.7068052715292
-15.3127016587139
-13.2176664394456
-16.8792115428312
-13.3461281526926
-9.36265394228584
1.7960327198364
-14.2535139740968
-11.8082549420586
-0.552697795955465
-11.8750965689616
-11.6874937514201
-8.91269484208134
-8.05754601226994
-4.20086344012724
-0.844359690979323
1.40550170415815
0.949954555782777
1.05907021131561
1.98912656214497
3.51013406044081
-1.07087571006589
-20.2248216314474
9.42044535332879
-2.2472488070893
-2.62610543058396
2.49471710974778
3.38294024085435
-4.17690752101795
-1.7852160872529
1.9372438082254
-2.40005907748239
3.90457850488525
-4.64001136105431
0.410271983640082
4.95289252442627
4.51117473301522
3.73224267211997
3.22050670302204
2.55409679618269
5.91762326743922
0.546071120199955
4.77788229947739
3.41675528289025
1.66714360372643
-4.24029765962281
-8.10878663940014
-10.233944558055
-10.519197909566
-14.224614860259
-16.7692819813679
-17.1916291751875
-14.5712292660759
-17.7229697795955
-16.2767280163599
-17.2393501476937
-15.4921676891616
-9.70602817541468
-10.5039036582595
-8.1230311292888
-6.42869802317655
-8.64048398091343
-4.33301749602363
-6.84460804362645
-1.90398318563963
2.49526698477619
3.41961826857532
12.8329765962281
5.48841399681891
6.58513974096796
2.73846398545785
-4.14812997046126
-11.9718872983413
3.47611224721654
-4.8509247898205
-3.21842422176778
5.29329016132697
0.689989093387867
3.0975073846853
1.7178084526244
4.69053169734151
10.8364508066349
1.30944489888662
0.343064076346285
-2.12518291297432
14.719984094524
8.42616450806635
-0.503261758691207
5.91762326743922
0.546071120199955
5.15938650306749
3.41675528289025
1.06091581458759
-6.08804930697569
-6.63044876164508
10.2758986593956
-11.3121813224267
-9.04487616450807
-10.7893660531697
-11.3256123608271
-14.1366916609861
-15.5740967961827
-15.2446921154283
-12.5505112474438
-9.47174505794138
-9.85236764371734
-9.63283117473302
-12.9216269029766
-14.3003953646898
-16.0038854805726
-9.53300613496933
-5.87593728698023
-5.38613724153601
-1.04012133605999
-5.61321290615769
0.679453760508975
0.776635991820041
-0.421912747102931
3.98713246989321
-3.42692115428312
-21.6965257895933
9.57832992501704
-12.1965666893888
-9.81978868438991
2.8706612133606
3.16519427402863
4.25777096114519
5.8356759827312
7.75780049988639
2.99598045898659
2.20861781413315
-4.2667643717337
-8.76154055896387
25.707725516928
13.6318223131107
-3.5606203135651
5.91762326743922
0.546071120199955
5.54089070665758
3.41675528289025
0.454688025448762
-7.93580095432856
-5.15211088389003
-6.57123608270848
-12.1051647352874
-9.94835719154738
-13.2768847989093
-20.2450352192683
-13.6310724835265
-10.7769961372415
-15.2446921154283
-12.5505112474438
-2.06369007043854
-10.783044762554
-10.0970165871393
-11.2210770279482
-8.02745512383549
-4.53310384003636
-2.61508520790729
-4.9900408997955
-1.73580390820268
0.884215405589639
0.662242899341059
3.8970097705067
3.10781867757328
-12.8321267893661
0.617024312656214
1.10526153147012
3.09883890024994
-0.968005226084981
-1.7363158373097
