16.92
16.92
16.92
16.88
16.88
16.88
16.88
16.84
16.84
16.84
16.84
16.84
16.8
16.8
16.8
16.8
16.8
16.8
16.8
16.76
16.76
16.76
16.72
16.72
16.68
16.68
16.64
16.64
16.64
16.64
16.64
16.64
16.64
16.6
16.6
16.6
16.6
16.56
16.56
16.56
16.56
16.56
16.56
16.52
16.52
16.52
16.52
16.48
16.48
16.48
16.48
16.48
16.48
16.48
16.44
16.44
16.44
16.44
16.44
16.44
16.44
16.44
16.4
16.4
16.4
16.4
16.4
16.36
16.36
16.36
16.32
16.32
16.28
16.28
16.28
16.24
16.24
16.24
16.2
16.2
16.2
16.16
16.16
16.12
16.12
16.12
16.08
16.08
16.08
16.08
16.08
16.08
16.04
16.04
16.04
16.04
16.04
16.04
16
16
16
16
16
16
15.96
15.96
15.96
15.96
15.96
15.96
15.96
15.96
15.96
15.92
15.92
15.92
15.92
15.88
15.88
15.84
15.84
15.8
15.8
15.76
15.76
15.72
15.72
15.68
15.68
15.68
15.64
15.64
15.64
15.6
15.6
15.6
15.6
15.6
15.56
15.56
15.56
15.56
15.56
15.56
15.52
15.52
15.52
15.52
15.52
15.48
15.48
15.48
15.48
15.48
15.48
15.48
15.44
15.44
15.44
15.44
15.44
15.44
15.44
15.4
15.4
15.36
15.36
15.32
15.32
15.28
15.24
15.24
15.2
15.2
15.16
15.16
15.12
15.12
15.08
15.08
15.08
15.08
15.04
15.04
15.04
15.04
15.04
15
15
15
15
15
15
15
14.96
14.96
14.96
14.96
14.96
14.92
14.92
14.92
14.92
14.92
14.92
14.92
14.92
14.92
14.88
14.88
14.88
14.88
14.84
14.84
14.8
14.8
14.76
14.72
14.72
14.68
14.64
14.64
14.64
14.6
14.6
14.56
14.56
14.56
14.56
14.56
14.52
14.52
14.52
14.52
14.52
14.52
14.52
14.52
14.52
14.52
14.52
14.52
14.48
14.52
14.48
14.48
14.48
14.48
14.48
14.48
14.48
14.48
14.48
14.48
14.44
14.44
14.44
14.44
14.44
14.4
14.4
14.4
14.36
14.36
14.36
14.36
14.32
14.32
14.32
14.32
14.32
14.32
14.32
14.28
14.28
14.28
14.32
14.4
14.48
14.52
14.52
14.56
14.56
14.56
14.6
14.6
14.6
14.6
14.6
14.64
14.64
14.64
14.64
14.64
14.64
14.64
14.64
14.64
14.68
14.68
14.68
14.68
14.68
14.68
14.68
14.68
14.68
14.68
14.64
14.64
14.64
14.64
14.64
14.64
14.6
14.6
14.6
14.6
14.64
14.64
14.64
14.64
14.64
14.64
14.64
14.64
14.64
14.64
14.64
14.64
14.64
14.64
14.64
14.64
14.64
14.64
14.64
14.64
14.6
14.6
14.6
14.6
14.6
14.6
14.6
14.6
14.6
14.56
14.6
14.56
14.56
14.56
14.56
14.56
14.56
14.56
14.52
14.52
14.52
14.48
14.48
14.44
14.44
14.44
14.4
14.4
14.4
14.4
14.44
14.44
14.4
14.4
14.44
14.44
14.44
14.44
14.44
14.44
14.44
14.44
14.48
14.48
14.48
14.48
14.48
14.48
14.48
14.48
14.52
14.52
14.52
14.52
14.52
14.52
14.52
14.52
14.52
14.52
14.52
14.52
14.52
14.52
14.52
14.52
14.52
14.52
14.52
14.52
14.52
14.48
14.48
14.48
14.48
14.48
14.48
14.48
14.48
14.48
14.44
14.44
14.44
14.44
14.44
14.48
14.48
14.44
14.48
14.48
14.44
14.44
14.44
14.44
14.44
14.44
14.44
14.44
14.4
14.44
14.4
14.4
14.4
14.4
14.4
14.4
14.4
14.4
14.4
14.4
14.36
14.4
14.4
14.36
14.36
14.36
14.36
14.32
14.32
14.28
14.28
14.28
14.32
14.32
14.36
14.36
14.36
14.4
14.4
14.44
14.44
14.48
14.52
14.56
14.56
14.6
14.6
14.6
14.64
14.64
14.68
14.68
14.68
14.68
14.68
14.68
14.68
14.68
14.68
14.68
14.68
14.68
14.72
14.68
14.68
14.68
14.68
14.68
14.68
14.68
14.68
14.68
14.68
14.68
14.64
14.64
14.64
14.6
14.6
14.6
14.6
14.6
14.6
14.6
14.6
14.6
14.64
14.64
14.64
14.64
14.64
14.64
14.64
14.64
14.64
14.64
14.64
14.64
14.64
14.64
14.6
14.6
14.6
14.6
14.6
14.6
14.6
14.56
14.56
14.56
14.56
14.56
14.56
14.56
14.56
14.56
14.56
14.56
14.52
14.52
14.52
14.52
14.48
14.48
14.48
14.44
14.44
14.44
14.44
14.44
14.48
14.48
14.52
14.52
14.52
14.52
14.52
14.56
14.8
15.12
15.52
15.76
16.04
16.16
16.2
16.24
16.28
16.28
16.32
16.32
16.32
16.32
16.32
16.32
16.32
16.28
16.28
16.28
16.28
16.28
16.24
16.24
16.24
16.24
16.24
16.24
16.2
16.2
16.2
16.2
16.2
16.2
16.2
16.2
16.28
16.52
16.76
17.32
17.96
18.4
18.68
19.04
19.32
19.4
19.44
19.44
19.4
19.32
19.24
19.16
19.12
19.04
19
18.96
18.92
18.88
18.84
18.8
18.8
18.76
18.72
18.72
18.68
18.64
18.64
18.6
18.6
18.56
18.52
18.52
18.48
18.48
18.44
18.44
18.4
18.4
18.4
18.36
18.36
18.36
18.32
18.32
18.28
18.28
18.24
18.24
18.2
18.2
18.16
18.12
18.12
18.08
18.08
18.04
18.04
18.04
18.04
18.04
18
18
18
18
17.96
17.96
17.96
17.96
17.92
17.92
17.92
17.92
17.92
17.88
17.88
17.88
17.88
17.88
17.88
17.88
17.88
17.88
17.84
17.84
17.84
17.84
17.84
17.84
17.84
17.8
17.8
17.8
17.84
17.88
17.96
18.04
18.24
18.4
18.52
18.56
18.64
18.64
18.64
18.64
18.64
18.64
18.64
18.6
18.6
18.56
18.56
18.56
18.52
18.52
18.52
18.48
18.48
18.48
18.48
18.48
18.48
18.48
18.48
18.48
18.48
18.48
18.44
18.44
18.44
18.48
18.48
18.48
18.52
18.56
18.56
18.56
18.56
18.64
18.68
18.72
18.72
18.72
18.72
18.72
18.8
19
19.16
19.16
19.12
19.04
19.04
19
18.96
18.92
18.92
18.88
18.88
18.84
18.8
18.8
18.76
18.76
18.72
18.72
18.68
18.68
18.68
18.64
18.64
18.64
18.6
18.6
18.6
18.56
18.56
18.56
18.52
18.52
18.52
18.52
18.48
18.48
18.48
18.44
18.44
18.4
18.4
18.36
18.36
18.36
18.32
18.32
18.28
18.28
18.28
18.24
18.24
18.2
18.2
18.2
18.2
18.2
18.2
18.16
18.16
18.16
18.16
18.16
18.12
18.12
18.12
18.12
18.12
18.12
18.08
18.08
18.08
18.08
18.08
18.08
18.08
18.04
18.04
18.04
18.04
18.04
18.04
18.04
18.04
18
18
18
17.96
17.96
17.96
17.92
17.92
17.92
17.92
17.88
17.88
17.88
17.88
17.88
17.92
18
18.12
18.24
18.28
18.32
18.32
18.28
18.28
18.28
18.28
18.28
18.28
18.24
18.24
18.24
18.24
18.24
18.2
18.2
18.2
18.2
18.2
18.16
18.16
18.16
18.16
18.16
18.12
18.12
18.12
18.12
18.12
18.12
18.08
18.08
18.08
18.08
18.08
18.08
18.08
18.08
18.04
18.04
18.04
18.04
18.04
18.04
18.08
18.12
18.2
18.24
18.32
18.36
18.36
18.36
18.36
18.36
18.36
18.32
18.32
18.32
18.32
18.32
18.28
18.28
18.28
18.28
18.28
18.24
18.24
18.24
18.24
18.24
18.24
18.2
18.2
18.2
18.2
18.28
18.28
18.28
18.28
18.28
18.28
18.28
18.28
18.28
18.28
18.28
18.24
18.24
18.24
18.24
18.24
18.2
18.2
18.2
18.2
18.2
18.2
18.2
18.16
18.16
18.16
18.16
18.16
18.16
18.16
18.16
18.12
18.12
18.12
18.12
18.12
18.12
18.08
18.08
18.08
18.08
18.08
18.08
18.04
18.04
18.04
18.04
18.04
18.04
18.04
18.04
18
18
18
17.96
17.96
17.92
17.92
17.88
17.88
17.84
17.84
17.84
17.8
17.8
17.8
17.8
17.76
17.76
17.76
17.76
17.76
17.76
17.76
17.76
17.76
17.72
17.72
17.72
17.72
17.72
17.72
17.72
17.72
17.72
17.72
17.68
17.68
17.68
17.68
17.68
17.68
17.68
17.68
17.68
17.64
17.64
17.64
17.64
17.64
17.64
17.64
17.6
17.6
17.56
17.56
17.52
17.52
17.52
17.48
17.48
17.48
17.44
17.44
17.44
17.4
17.4
17.4
17.4
17.4
17.4
17.4
17.4
17.4
17.4
17.4
17.36
17.36
17.36
17.36
17.36
17.36
17.36
17.36
17.32
17.32
17.32
17.32
17.32
17.32
17.32
17.28
17.28
17.28
17.28
17.28
17.24
17.24
17.2
17.2
17.16
17.16
17.12
17.12
17.08
17.04
17.04
17.04
17.04
17
17
17
17
17
17
17
17
17
17.12
17.52
18
18.24
18.36
18.4
18.4
18.36
18.32
18.32
18.28
18.28
18.32
18.32
18.32
18.28
18.28
18.28
18.32
18.4
18.56
18.68
18.68
18.68
18.64
18.6
18.6
18.56
18.56
18.52
18.52
18.48
18.48
18.48
18.44
18.44
18.44
18.44
18.44
18.4
18.44
18.44
18.48
18.52
18.56
18.56
18.52
18.52
18.52
18.52
18.48
18.48
18.44
18.44
18.44
18.44
18.4
18.4
18.4
18.36
18.36
18.36
18.32
18.32
18.32
18.32
18.28
18.28
18.28
18.28
18.24
18.24
18.24
18.24
18.24
18.2
18.2
18.2
18.16
18.16
18.16
18.12
18.12
18.08
18.08
18.04
18.04
18.04
18.04
18
18
18
18
18
18
18.04
18.08
18.08
18.08
18.12
18.16
18.2
18.24
18.24
18.28
18.28
18.28
18.28
18.28
18.28
18.28
18.28
18.24
18.24
18.24
18.2
18.2
18.2
18.2
18.2
18.2
18.2
18.2
18.24
18.24
18.24
18.24
18.24
18.24
18.24
18.24
18.24
18.24
18.2
18.2
18.2
18.16
18.16
18.16
18.16
18.16
18.16
18.16
18.12
18.12
18.12
18.12
18.12
18.12
18.12
18.08
18.12
18.08
18.08
18.08
18.08
18.08
18.04
18.04
18.04
18.04
18.04
18.04
18
18
18
18
18
18
17.96
17.96
17.96
17.96
17.92
17.92
17.88
17.88
17.88
17.84
17.84
17.8
17.8
17.8
17.8
17.8
17.76
17.76
17.76
17.76
17.76
17.76
17.76
17.76
17.76
17.76
17.76
17.76
17.76
17.76
17.72
17.72
17.72
17.72
17.72
17.72
17.72
17.72
17.72
17.72
17.72
17.68
17.68
17.68
17.68
17.68
17.68
17.68
17.68
17.68
17.68
17.68
17.64
17.64
17.64
17.64
17.64
17.6
17.6
17.6
17.6
17.6
17.6
17.56
17.6
17.56
17.6
17.6
17.56
17.56
17.56
17.56
17.56
17.56
17.56
17.56
17.56
17.56
17.56
17.56
17.56
17.56
17.56
17.56
17.52
17.56
17.52
17.52
17.52
17.52
17.52
17.52
17.52
17.52
17.48
17.48
17.48
17.48
17.44
17.44
17.4
17.4
17.36
17.36
17.32
17.28
17.28
17.24
17.24
17.24
17.2
17.2
17.16
17.16
17.16
17.12
17.12
17.12
17.12
17.12
17.12
17.12
17.08
17.08
17.08
17.08
17.08
17.04
17.04
17.04
17.04
17
17
17
17
17
17
16.96
16.96
16.96
16.96
16.92
16.92
16.92
16.92
16.92
16.88
16.88
16.84
16.8
16.8
16.76
16.72
16.72
16.72
16.68
16.68
16.68
16.68
16.68
16.64
16.64
16.6
16.6
16.6
16.6
16.6
16.6
16.6
16.6
16.56
16.56
16.56
16.56
16.56
16.56
16.56
16.56
16.52
16.52
16.52
16.52
16.52
16.52
16.52
16.48
16.48
16.48
16.48
16.48
16.48
16.48
16.48
16.44
16.44
16.4
16.4
16.36
16.36
16.32
16.28
16.28
16.24
16.24
16.24
16.24
16.24
16.24
16.24
16.24
16.24
16.24
16.24
16.24
16.24
16.24
16.24
16.24
16.28
16.28
16.28
16.32
16.32
16.36
16.4
16.44
16.48
16.48
16.52
16.52
16.52
16.56
16.56
16.56
16.56
16.56
16.56
16.56
16.56
16.56
16.56
16.56
16.56
16.52
16.52
16.52
16.48
16.48
16.44
16.44
16.4
16.4
16.4
16.36
16.36
16.36
16.32
16.32
16.32
16.32
16.28
16.32
16.32
16.32
16.32
16.28
16.28
16.28
16.28
16.28
16.28
16.28
16.24
16.24
16.24
16.24
16.24
16.24
16.24
16.2
16.2
16.2
16.2
16.2
16.2
16.2
16.2
16.2
16.2
16.16
16.16
16.12
16.08
16.08
16.04
16
15.96
15.92
15.92
15.88
15.84
15.88
15.84
15.84
15.88
15.88
15.84
15.84
15.84
15.8
15.8
15.8
15.8
15.8
15.8
15.8
15.8
15.76
15.76
15.76
15.76
15.76
15.76
15.76
15.76
15.76
15.72
15.72
15.72
15.72
15.72
15.72
15.72
15.72
15.68
15.68
15.68
15.68
15.64
15.64
15.6
15.56
15.56
15.52
15.48
15.44
15.4
15.36
15.36
15.32
15.32
15.28
15.28
15.28
15.28
15.24
15.24
15.24
15.2
15.24
15.24
15.2
15.2
15.24
15.2
15.2
15.2
15.2
15.2
15.2
15.2
15.2
15.16
15.2
15.16
15.16
15.16
15.16
15.16
15.16
15.16
15.16
15.16
15.16
15.12
15.12
15.12
15.08
15.08
15.04
15.04
15.04
15
15
14.96
14.92
14.92
14.92
14.92
14.92
14.92
14.92
14.96
14.96
14.96
14.96
14.96
14.96
14.96
14.96
14.96
14.96
14.96
14.96
14.96
14.96
14.96
14.96
14.96
14.96
14.96
14.96
14.96
14.96
14.92
14.92
14.92
14.92
14.92
14.92
14.92
14.92
14.92
14.92
14.88
14.88
14.88
14.84
14.8
14.8
14.76
14.72
14.72
14.68
14.72
14.72
14.76
14.76
14.76
14.76
14.76
14.76
14.76
14.76
14.8
14.8
14.8
14.8
14.8
14.8
14.8
14.8
14.8
14.8
14.8
14.8
14.8
14.8
14.8
14.8
14.8
14.8
14.8
14.8
14.8
14.8
14.8
14.8
14.8
14.8
14.8
14.76
14.76
14.76
14.72
14.72
14.68
14.64
14.64
14.6
14.6
14.56
14.56
14.56
14.52
14.52
14.48
14.48
14.44
14.44
14.44
14.4
14.4
14.4
14.4
14.4
14.4
14.4
14.4
14.4
14.4
14.4
14.4
14.4
14.4
14.4
14.4
14.36
14.36
14.36
14.36
14.36
14.36
14.36
14.36
14.36
14.32
14.32
14.32
14.32
14.28
14.28
14.24
14.24
14.2
14.16
14.12
14.12
14.08
14.04
14
14
13.96
13.96
13.92
13.92
13.92
13.88
13.88
13.88
13.88
13.88
13.88
13.92
13.92
13.92
13.88
13.88
13.92
13.88
13.88
13.88
13.88
13.88
13.88
13.88
13.88
13.88
13.88
13.88
13.88
13.84
13.88
13.84
13.84
13.84
13.84
13.84
13.8
13.8
13.76
13.76
13.72
13.68
13.64
13.6
13.56
13.56
13.52
13.52
13.48
13.44
13.44
13.4
13.4
13.36
13.36
13.36
13.36
13.36
13.36
13.36
13.36
13.36
13.36
13.36
13.36
13.36
13.36
13.36
13.36
13.36
13.36
13.36
13.36
13.36
13.36
13.36
13.36
13.36
13.36
13.36
13.36
13.36
13.36
13.36
13.36
13.32
13.32
13.32
13.32
13.32
13.32
13.32
13.36
13.36
13.36
13.36
13.32
13.32
13.32
13.32
13.32
13.32
13.32
13.32
13.32
13.36
13.36
13.36
13.36
13.36
13.36
13.36
13.36
13.36
13.36
13.36
13.36
13.4
13.4
13.4
13.4
13.4
13.4
13.4
13.4
13.4
13.4
13.4
13.4
13.4
13.4
13.4
13.4
13.36
13.36
13.36
13.32
13.32
13.32
13.28
13.28
13.24
13.24
13.24
13.24
13.24
13.2
13.2
13.2
13.16
13.16
13.16
13.16
13.16
13.16
13.2
13.2
13.2
13.2
13.2
13.2
13.2
13.2
13.2
13.2
13.2
13.16
13.16
13.16
13.16
13.16
13.16
13.16
13.16
13.16
13.16
13.16
13.16
13.16
13.12
13.12
13.08
13.08
13.04
13
12.96
12.96
12.92
12.88
12.84
12.84
12.8
12.76
12.76
12.76
12.76
12.72
12.76
12.76
12.76
12.72
12.76
12.76
12.76
12.76
12.76
12.76
12.76
12.76
12.72
12.76
12.72
12.72
12.72
12.72
12.72
12.72
12.72
12.72
12.72
12.72
12.72
12.72
12.68
12.72
12.68
12.68
12.68
12.68
12.64
12.6
12.6
12.56
12.52
12.52
12.52
12.48
12.48
12.44
12.44
12.4
12.4
12.4
12.4
12.36
12.36
12.36
12.36
12.36
12.36
12.36
12.36
12.36
12.36
12.36
12.36
12.4
12.4
12.4
12.4
12.4
12.4
12.36
12.4
12.4
12.4
12.4
12.4
12.4
12.4
12.4
12.4
12.4
12.4
12.4
12.4
12.4
12.4
12.4
12.4
12.4
12.4
12.4
12.4
12.4
12.4
12.4
12.4
12.4
12.4
12.4
12.4
12.4
12.4
12.4
12.4
12.4
12.4
12.4
12.4
12.4
12.4
12.4
12.4
12.4
12.4
12.4
12.4
12.4
12.4
12.4
12.4
12.4
12.4
12.4
12.4
12.4
12.4
12.4
12.4
12.4
12.4
12.4
12.4
12.36
12.36
12.32
12.28
12.28
12.28
12.24
12.24
12.24
12.24
12.24
12.2
12.2
12.16
12.16
12.16
12.16
12.16
12.16
12.16
12.16
12.16
12.16
12.2
12.2
12.2
12.2
12.2
12.2
12.2
12.2
12.2
12.2
12.2
12.2
12.2
12.2
12.16
12.2
12.16
12.16
12.16
12.16
12.16
12.16
12.16
12.16
12.16
12.16
12.16
12.16
12.12
12.08
12.04
12.04
12
11.96
11.92
11.88
11.88
11.84
11.84
11.8
11.8
11.8
11.8
11.8
11.8
11.84
11.84
11.84
11.84
11.84
11.84
11.84
11.84
11.84
11.84
11.84
11.84
11.84
11.84
11.84
11.84
11.84
11.84
11.84
11.84
11.84
11.84
11.84
11.8
11.84
11.8
11.8
11.8
11.76
11.72
11.72
11.68
11.64
11.6
11.56
11.52
11.48
11.44
11.4
11.36
11.32
11.28
11.24
11.24
11.24
11.24
11.24
11.24
11.24
11.24
11.24
11.24
11.24
11.24
11.24
11.24
11.24
11.24
11.24
11.24
11.24
11.24
11.2
11.24
11.24
11.24
11.2
11.2
11.2
11.2
11.2
11.2
11.2
11.2
11.2
11.16
11.12
11.08
11.04
11
10.96
10.92
10.88
10.8
10.76
10.72
10.68
10.64
10.6
10.56
10.56
10.52
10.52
10.48
10.48
10.48
10.52
10.52
10.52
10.52
10.52
10.52
10.52
10.52
10.52
10.52
10.52
10.52
10.52
10.52
10.52
10.52
10.52
10.48
10.48
10.52
10.48
10.48
10.48
10.48
10.48
10.48
10.44
10.44
10.4
10.36
10.32
10.24
10.2
10.16
10.08
10.04
10
9.96
9.96
9.92
9.92
9.92
9.92
9.92
9.92
9.92
9.92
9.92
9.92
9.92
9.92
9.92
9.92
9.92
9.92
9.92
9.92
9.92
9.92
9.92
9.92
9.92
9.92
9.92
9.92
9.92
9.92
9.92
9.92
9.92
9.92
9.92
9.92
9.92
9.88
9.88
9.84
9.8
9.68
9.68
9.64
9.6
9.6
9.6
9.52
9.44
9.4
9.36
9.32
9.28
9.24
9.2
9.16
9.12
9.12
9.12
9.12
9.12
9.12
9.12
9.12
9.12
9.16
9.16
9.16
9.16
9.16
9.16
9.16
9.16
9.16
9.16
9.16
9.16
9.16
9.16
9.16
9.16
9.16
9.16
9.12
9.12
9.12
9.08
9.04
9
8.96
8.92
8.88
8.8
8.76
8.72
8.68
8.64
8.6
8.56
8.56
8.52
8.52
8.52
8.52
8.56
8.56
8.6
8.6
8.6
8.6
8.6
8.6
8.64
8.64
8.64
8.64
8.64
8.64
8.64
8.64
8.64
8.64
8.64
8.64
8.64
8.64
8.64
8.64
8.64
8.64
8.64
8.64
8.64
8.64
8.64
8.6
8.56
8.52
8.48
8.4
8.36
8.32
8.28
8.24
8.2
8.16
8.08
8.04
8.04
8.08
8.08
8.12
8.12
8.12
8.12
8.12
8.16
8.16
8.12
8.12
8.12
8.12
8.16
8.16
8.16
8.16
8.16
8.16
8.16
8.16
8.16
8.16
8.16
8.2
8.2
8.2
8.2
8.2
8.2
8.24
8.24
8.24
8.24
8.24
8.24
8.24
8.24
8.28
8.24
8.24
8.2
8.2
8.2
8.16
8.2
8.24
8.24
8.24
8.24
8.24
8.24
8.24
8.24
8.28
8.28
8.28
8.28
8.32
8.32
8.32
8.32
8.32
8.32
8.32
8.32
8.32
8.36
8.32
8.32
8.32
8.32
8.36
8.36
8.36
8.36
8.36
8.36
8.36
8.36
8.36
8.32
8.32
8.32
8.32
8.28
8.28
8.24
8.24
8.2
8.2
8.2
8.24
8.24
8.24
8.24
8.24
8.24
8.24
8.24
8.24
8.24
8.24
8.24
8.24
8.24
8.24
8.28
8.28
8.28
8.24
8.28
8.24
8.28
8.28
8.28
8.28
8.28
8.28
8.28
8.28
8.28
8.28
8.28
8.28
8.28
8.28
8.28
8.28
8.28
8.28
8.28
8.32
8.32
8.32
8.32
8.32
8.32
8.32
8.36
8.36
8.24
8.44
8.4
8.4
8.36
8.4
8.4
8.4
8.4
8.4
8.44
8.44
8.48
8.48
8.52
8.56
8.56
8.6
8.64
8.68
8.68
8.68
8.68
8.68
8.72
8.72
8.76
8.8
8.8
8.84
8.8
8.76
8.76
8.72
8.72
8.76
8.8
8.8
8.84
8.84
8.88
8.88
8.92
8.96
8.92
8.92
8.92
8.92
8.92
8.92
8.92
8.92
8.92
8.92
8.92
8.92
8.92
8.92
8.96
8.96
8.96
8.96
8.96
8.96
8.96
8.96
9
9
9
9
9
9
9
9
9
9
9
9
9
9
9
9
9
9
9
8.96
8.96
8.96
8.96
8.96
8.96
8.96
8.96
8.96
8.96
8.96
8.96
8.96
8.96
9
9
9.04
9.04
9.04
9.08
9.08
9.08
9.08
9.12
9.12
9.08
9.08
9.08
9.08
9.12
9.12
9.08
9.08
9.08
9.08
9.08
9.04
9.08
9.08
9.08
9.08
9.08
9.08
9.08
9.08
9.08
9.08
9.08
9.08
9.04
9.04
9
9
9
9
9
8.96
8.96
8.96
8.96
8.96
8.96
8.96
8.96
8.96
8.96
9
9
9
9.04
9.04
9.04
9.04
9
9
9
9.04
9.04
9.04
9.04
9.04
9.04
9
9.04
9.04
9.04
9
9
9
9
9
9
9
9
9
9
9
9
8.96
8.96
8.96
8.96
8.96
8.92
8.92
8.92
8.92
8.88
8.84
8.84
8.84
8.84
8.84
8.8
8.8
8.8
8.84
8.84
8.84
8.84
8.84
8.84
8.84
8.84
8.84
8.8
8.8
8.8
8.8
8.8
8.8
8.8
8.8
8.8
8.8
8.76
8.76
8.76
8.76
8.76
8.76
8.76
8.76
8.76
8.72
8.72
8.68
8.64
8.64
8.6
8.56
8.56
8.52
8.48
8.48
8.44
8.4
8.4
8.36
8.36
8.36
8.36
8.4
8.4
8.4
8.4
8.4
8.4
8.4
8.4
8.4
8.4
8.4
8.4
8.4
8.4
8.4
8.4
8.4
8.4
8.4
8.36
8.36
8.36
8.36
8.36
8.36
8.36
8.36
8.36
8.36
8.36
8.32
8.32
8.28
8.28
8.24
8.24
8.2
8.2
8.16
8.12
8.12
8.08
8.04
8.04
8
8
8
7.96
7.96
7.96
7.96
7.96
8
8
8
8
8
8
8
8
8
8
8
8
8
8
8
8
8
7.96
8
8
7.96
7.96
7.96
7.96
7.96
7.96
7.96
7.92
7.88
7.84
7.84
7.8
7.76
7.72
7.72
7.68
7.64
7.64
7.6
7.6
7.6
7.6
7.6
7.6
7.6
7.6
7.6
7.6
7.6
7.6
7.64
7.64
7.64
7.6
7.6
7.64
7.64
7.6
7.6
7.6
7.6
7.6
7.6
7.6
7.6
7.6
7.6
7.6
7.6
7.6
7.6
7.6
7.6
7.6
7.6
7.6
7.56
7.56
7.56
7.52
7.52
7.52
7.52
7.52
7.56
7.56
7.56
7.56
7.52
7.56
7.56
7.56
7.56
7.56
7.56
7.44
7.64
7.6
7.6
7.6
7.68
7.8
7.92
8.08
8.2
8.32
8.4
8.44
8.56
8.64
8.72
8.76
8.8
8.84
8.88
8.92
8.96
8.96
9
9.04
9.04
9.08
9.08
9.12
9.12
9.12
9.12
9.16
9.16
9.16
9.28
9.36
9.24
9.12
9.12
9.04
9.08
9.12
9.16
9.2
9.24
9.24
9.28
9.28
9.28
9.28
9.28
9.28
9.28
9.32
9.32
9.32
9.32
9.32
9.32
9.32
9.32
9.36
9.36
9.36
9.36
9.36
9.36
9.36
9.36
9.36
9.36
9.36
9.36
9.32
9.32
9.32
9.32
9.32
9.32
9.32
9.32
9.28
9.28
9.28
9.28
9.28
9.28
9.28
9.32
9.32
9.32
9.32
9.32
9.32
9.32
9.32
9.32
9.32
9.32
9.32
9.32
9.32
9.32
9.32
9.32
9.32
9.32
9.32
9.32
9.28
9.28
9.28
9.28
9.28
9.28
9.28
9.28
9.28
9.28
9.24
9.24
9.24
9.24
9.24
9.2
9.2
9.16
9.16
9.16
9.12
9.08
9.08
9.08
9.08
9.08
9.08
9.08
9.08
9.08
9.08
9.08
9.08
9.08
9.08
9.08
9.08
9.08
9.08
9.08
9.08
9.08
9.08
9.08
9.08
9.04
9.04
9.04
9.04
9.04
9.04
9.04
9.04
9.04
9.04
9
9
8.96
9.04
9.04
9.04
9
9.04
8.96
9
9.24
9.24
9.24
9.28
9.32
9.36
9.36
9.44
9.48
9.44
9.48
9.36
9.4
9.44
9.48
9.48
9.48
9.52
9.4
9.6
9.56
9.6
9.6
9.64
9.64
9.64
9.64
9.68
9.68
9.68
9.68
9.68
9.68
9.68
9.72
9.72
9.72
9.72
9.72
9.72
9.72
9.72
9.72
9.72
9.72
9.72
9.72
9.72
9.68
9.68
9.68
9.72
9.72
9.72
9.72
9.72
9.72
9.72
9.72
9.76
9.76
9.76
9.76
9.76
9.76
9.76
9.76
9.76
9.76
9.76
9.76
9.76
9.76
9.8
9.8
9.68
9.8
9.92
9.96
10
10.12
10.4
10.84
11.32
11.72
12.12
12.48
12.48
12.64
12.8
12.92
12.96
13
13.04
13.08
13.04
13.08
13.08
13.08
13.08
13.08
13.08
13.08
13.08
13.08
13.04
13
13
13
13
13
13
13
13
12.96
12.96
12.96
12.96
12.96
12.92
12.92
12.92
12.92
12.88
12.88
12.84
12.84
12.84
12.8
12.8
12.8
12.8
12.76
12.76
12.76
12.72
12.72
12.72
12.72
12.68
12.68
12.64
12.64
12.6
12.6
12.56
12.52
12.48
12.48
12.44
12.44
12.44
12.44
12.44
12.44
12.4
12.4
12.4
12.4
12.4
12.4
12.4
12.4
12.4
12.4
12.4
12.44
12.44
12.44
12.44
12.44
12.44
12.44
12.44
12.44
12.44
12.44
12.44
12.44
12.44
12.44
12.44
12.44
12.44
12.44
12.44
12.44
12.44
12.44
12.44
12.4
12.4
12.36
12.36
12.32
12.32
12.28
12.28
12.28
12.28
12.28
12.28
12.28
12.28
12.28
12.32
12.32
12.32
12.36
12.4
12.4
12.44
12.48
12.52
12.56
12.6
12.64
12.72
12.76
12.8
12.88
12.92
13
13.04
13.08
13.12
13.16
13.2
13.2
13.24
13.28
13.32
13.4
13.56
13.72
13.92
14.04
14.12
14.2
14.24
14.28
14.32
14.36
14.36
14.36
14.36
14.36
14.36
14.36
14.36
14.36
14.36
14.36
14.36
14.36
14.36
14.36
14.36
14.44
14.56
14.68
14.8
14.88
14.96
15
15.04
15.08
15.08
15.08
15.12
15.08
15.12
15.12
15.12
15.12
15.12
15.12
15.12
15.08
15.08
15.08
15.08
15.04
15.04
15.04
15
15
15
14.96
14.92
14.92
14.88
14.84
14.8
14.8
14.76
14.76
14.72
14.72
14.68
14.68
14.68
14.68
14.68
14.64
14.64
14.64
14.64
14.6
14.6
14.6
14.6
14.6
14.6
14.6
14.6
14.6
14.6
14.6
14.6
14.56
14.56
14.56
14.52
14.52
14.52
14.52
14.52
14.52
14.48
14.48
14.48
14.48
14.44
14.44
14.4
14.4
14.36
14.32
14.28
14.28
14.24
14.2
14.2
14.24
14.2
14.2
14.2
14.2
14.2
14.16
14.16
14.16
14.16
14.16
14.12
14.12
14.12
14.12
14.12
14.08
14.08
14.08
14.08
14.04
14.04
14.04
14.04
14
14
14
13.96
13.96
13.96
13.96
13.96
13.92
13.92
13.92
13.92
13.88
13.88
13.84
13.8
13.8
13.76
13.72
13.68
13.64
13.6
13.6
13.56
13.52
13.52
13.52
13.48
13.48
13.48
13.48
13.48
13.48
13.48
13.48
13.48
13.48
13.52
13.52
13.56
13.56
13.6
13.6
13.64
13.64
13.64
13.64
13.68
13.68
13.68
13.68
13.68
13.68
13.68
13.68
13.68
13.68
13.68
13.68
13.68
13.68
13.68
13.64
13.64
13.64
13.6
13.6
13.56
13.56
13.56
13.56
13.56
13.56
13.56
13.56
13.56
13.56
13.56
13.56
13.56
13.56
13.6
13.56
13.6
13.6
13.6
13.6
13.6
13.6
13.6
13.6
13.6
13.6
13.6
13.6
13.56
13.6
13.56
13.6
13.56
13.56
13.56
13.56
13.56
13.56
13.52
13.52
13.52
13.52
13.48
13.48
13.44
13.44
13.4
13.4
13.36
13.36
13.32
13.32
13.32
13.32
13.28
13.28
13.28
13.28
13.24
13.28
13.28
13.24
13.28
13.28
13.28
13.24
13.24
13.24
13.24
13.24
13.24
13.24
13.24
13.2
13.2
13.2
13.2
13.2
13.16
13.16
13.16
13.16
13.16
13.16
13.16
13.16
13.12
13.12
13.12
13.08
13.08
13.04
13.04
13
13
13
13
13
13
13
13
12.96
12.96
12.96
12.96
12.96
12.96
12.96
12.96
13.04
13.4
13.68
13.96
14.16
14.28
14.44
14.56
14.72
14.96
15.08
15.2
15.28
15.32
15.36
15.44
15.48
15.56
15.6
15.6
15.64
15.64
15.64
15.64
15.72
15.76
15.8
15.84
15.84
15.88
15.88
15.88
15.88
15.88
15.88
15.88
15.92
15.92
15.92
15.88
15.88
15.88
15.88
15.88
15.88
15.88
15.88
15.88
15.84
15.84
15.84
15.84
15.84
15.84
15.8
15.8
15.8
15.84
15.84
15.88
15.92
15.92
15.92
15.92
15.92
15.92
15.88
15.88
15.88
15.88
15.88
15.88
15.88
15.84
15.84
15.84
15.84
15.8
15.8
15.8
15.76
15.76
15.72
15.72
15.68
15.64
15.64
15.64
15.64
15.64
15.64
15.6
15.6
15.6
15.6
15.56
15.56
15.56
15.56
15.56
15.52
15.52
15.52
15.52
15.48
15.48
15.48
15.44
15.44
15.44
15.44
15.4
15.4
15.4
15.4
15.36
15.36
15.36
15.36
15.32
15.32
15.32
15.32
15.28
15.28
15.28
15.24
15.2
15.2
15.16
15.12
15.08
15.08
15.04
15
15
14.96
14.96
14.96
14.96
14.96
14.96
14.96
14.96
14.96
14.92
14.92
14.92
14.92
14.92
14.92
14.92
14.92
14.92
14.92
14.92
14.92
14.96
14.96
15
15.04
15.04
15.08
15.08
15.12
15.12
15.16
15.16
15.16
15.16
15.2
15.24
15.32
15.4
15.44
15.48
15.52
15.52
15.56
15.56
15.56
15.56
15.56
15.56
15.56
15.56
15.52
15.52
15.52
15.52
15.52
15.52
15.52
15.52
15.52
15.52
15.48
15.48
15.48
15.48
15.48
15.44
15.44
15.44
15.44
15.44
15.4
15.4
15.4
15.4
15.4
15.44
15.44
15.44
15.48
15.48
15.48
15.48
15.48
15.48
15.48
15.48
15.48
15.48
15.44
15.44
15.44
15.4
15.4
15.4
15.36
15.36
15.36
15.36
15.36
15.36
15.4
15.52
15.64
15.72
15.84
15.96
16
16.04
16.08
16.12
16.12
16.12
16.12
16.12
16.12
16.12
16.12
16.12
16.12
16.12
16.08
16.08
16.08
16.08
16.04
16.04
16.04
16.04
16
16
16
16
16
15.96
15.96
15.96
15.92
15.88
15.88
15.84
15.84
15.8
15.8
15.76
15.72
15.72
15.68
15.68
15.64
15.64
15.64
15.64
15.64
15.64
15.6
15.6
15.6
15.6
15.6
15.6
15.56
15.56
15.52
15.52
15.48
15.48
15.48
15.44
15.44
15.44
15.44
15.4
15.4
15.4
15.4
15.4
15.36
15.36
15.36
15.36
15.32
15.32
15.32
15.28
15.28
15.24
15.2
15.2
15.16
15.12
15.12
15.08
15.08
15.04
15.04
15.04
15.04
15
15
15
15
15
15
15
15
15
14.96
14.96
14.96
14.96
14.96
14.96
14.96
14.96
14.96
14.96
14.92
14.92
14.92
14.92
14.92
14.88
14.88
14.88
14.88
14.88
14.88
14.88
14.88
14.84
14.84
14.8
14.8
14.76
14.76
14.76
14.72
14.68
14.64
14.6
14.6
14.56
14.6
14.6
14.6
14.6
14.6
14.6
14.6
14.6
14.6
14.6
14.56
14.56
14.56
14.56
14.52
14.52
14.52
14.52
14.52
14.52
14.52
14.48
14.48
14.48
14.48
14.48
14.44
14.44
14.44
14.44
14.44
14.44
14.4
14.4
14.4
14.4
14.36
14.36
14.32
14.32
14.28
14.24
14.2
14.2
14.16
14.16
14.12
14.12
14.12
14.12
14.12
14.12
14.12
14.12
14.12
14.12
14.12
14.12
14.12
14.12
14.12
14.12
14.12
14.12
14.12
14.12
14.12
14.12
14.12
14.12
14.12
14.12
14.12
14.12
14.12
14.12
14.12
14.12
14.12
14.12
14.12
14.12
14.12
14.12
14.12
14.12
14.08
14.08
14.08
14.08
14.08
14.08
14.08
14.04
14.04
14.04
14.04
14.04
14.04
14.04
14.08
14.08
14.08
14.08
14.08
14.08
14.08
14.08
14.08
14.08
14.08
14.08
14.08
14.08
14.08
14.08
14.08
14.08
14.08
14.08
14.08
14.08
14.08
14.08
14.08
14.08
14.08
14.08
14.08
14.08
14.04
14.04
14.04
14.04
14
14
14
14
13.96
13.96
13.96
13.96
13.96
13.92
13.92
13.92
13.92
13.92
13.92
13.92
13.92
13.92
13.92
13.92
13.92
13.92
13.92
13.92
13.92
13.92
13.88
13.92
13.88
13.88
13.88
13.88
13.88
13.88
13.88
13.88
13.88
13.88
13.88
13.84
13.84
13.84
13.84
13.84
13.84
13.8
13.8
13.8
13.76
13.72
13.72
13.68
13.64
13.64
13.64
13.6
13.6
13.6
13.6
13.56
13.56
13.56
13.56
13.56
13.56
13.56
13.56
13.56
13.56
13.56
13.56
13.56
13.56
13.56
13.56
13.56
13.52
13.52
13.52
13.52
13.56
13.6
13.72
13.92
14.12
14.28
14.44
14.56
14.68
14.76
14.84
14.92
14.96
15.04
15.08
15.12
15.12
15.16
15.16
15.16
15.16
15.16
15.16
15.16
15.16
15.16
15.12
15.12
15.12
15.12
15.12
15.12
15.12
15.12
15.12
15.12
15.08
15.08
15.08
15.08
15.08
15.08
15.04
15.04
15.04
15.04
15.04
15.04
15
15
15
15
15
15
15
14.96
15
14.96
14.96
14.96
14.96
14.96
14.92
14.92
14.88
14.88
14.84
14.84
14.84
14.88
14.96
15
15.04
15.04
15.04
15.08
15.08
15.08
15.08
15.08
15.12
15.12
15.12
15.12
15.12
15.12
15.12
15.12
